6 0.29921875 0.43515625 0.21953125 0.09140625
6 0.421875 0.4203125 0.26953125 0.07734375
6 0.5 0.47421875 0.23828125 0.075
6 0.71484375 0.47421875 0.22109375 0.0984375
6 0.86640625 0.35625 0.18359375 0.1078125
6 0.621875 0.37734375 0.24921875 0.12578125
6 0.58828125 0.2671875 0.15546875 0.1109375
6 0.32421875 0.33359375 0.159375 0.09609375
6 0.42421875 0.26015625 0.19453125 0.11484375
6 0.26640625 0.2203125 0.1609375 0.1140625
6 0.4515625 0.184375 0.3015625 0.096875
6 0.48671875 0.57890625 0.19296875 0.178125
6 0.8515625 0.6171875 0.19453125 0.09921875
6 0.5734375 0.65859375 0.18203125 0.1046875
6 0.640625 0.7203125 0.1328125 0.0875
6 0.63359375 0.7765625 0.23203125 0.06953125
6 0.4171875 0.6609375 0.1515625 0.08515625
6 0.23125 0.62890625 0.17578125 0.1015625
6 0.19375 0.6828125 0.16875 0.07734375
6 0.1765625 0.3046875 0.14609375 0.1171875