6 0.328125 0.4421875 0.1375 0.10390625
6 0.37890625 0.5484375 0.1234375 0.11328125
6 0.5859375 0.59140625 0.1515625 0.1046875
6 0.54609375 0.39765625 0.09609375 0.15
6 0.61328125 0.26953125 0.1515625 0.09765625
6 0.7 0.22421875 0.1328125 0.07109375
6 0.56875 0.1328125 0.0796875 0.2203125
6 0.3328125 0.2328125 0.0765625 0.196875
6 0.08984375 0.5921875 0.14375 0.1578125
6 0.33984375 0.63203125 0.15390625 0.115625
6 0.7921875 0.57890625 0.14375 0.159375
6 0.84140625 0.628125 0.13984375 0.08359375
6 0.34609375 0.859375 0.1328125 0.15
6 0.42578125 0.825 0.12109375 0.084375
6 0.4625 0.6484375 0.059375 0.184375
6 0.48984375 0.428125 0.13359375 0.090625
6 0.440625 0.16953125 0.09453125 0.1296875
6 0.80078125 0.71640625 0.103125 0.11875