6 0.2609375 0.52421875 0.07265625 0.08984375
6 0.45703125 0.421875 0.05078125 0.11171875
6 0.6328125 0.5578125 0.04453125 0.10390625
6 0.73828125 0.48125 0.0625 0.11171875
6 0.80859375 0.571875 0.05859375 0.11875
6 0.91328125 0.603125 0.0640625 0.11640625
6 0.85234375 0.82265625 0.0671875 0.13125
6 0.771875 0.73671875 0.0484375 0.11953125
6 0.69140625 0.90859375 0.06796875 0.128125
6 0.49609375 0.76484375 0.053125 0.10625
6 0.40625 0.8265625 0.06875 0.0921875
6 0.29765625 0.896875 0.0453125 0.1015625
6 0.15546875 0.890625 0.07578125 0.1234375
6 0.07890625 0.7828125 0.04921875 0.1109375
6 0.0640625 0.59609375 0.06640625 0.13515625