6 0.5109375 0.3375 0.0296875 0.05
6 0.4171875 0.26328125 0.04375 0.03671875
6 0.6015625 0.1015625 0.03828125 0.0453125
6 0.0921875 0.5984375 0.03359375 0.0421875
6 0.2828125 0.7796875 0.03828125 0.04453125
6 0.36015625 0.68984375 0.03671875 0.053125
6 0.36171875 0.8890625 0.0515625 0.04765625
6 0.69375 0.5640625 0.0296875 0.05
6 0.58125 0.42890625 0.04140625 0.03671875
6 0.57578125 0.37734375 0.03984375 0.03984375
6 0.4671875 0.5234375 0.0453125 0.04765625
6 0.21640625 0.44609375 0.03359375 0.04453125
6 0.278125 0.2078125 0.0359375 0.0296875