6 0.240625 0.334375 0.06171875 0.08046875
6 0.63515625 0.46015625 0.059375 0.09375
6 0.82578125 0.590625 0.06015625 0.07109375
6 0.37265625 0.940625 0.06953125 0.084375
6 0.04609375 0.31328125 0.078125 0.08984375
6 0.07421875 0.08828125 0.06953125 0.0859375
6 0.53828125 0.0640625 0.096875 0.08984375
6 0.640625 0.184375 0.05546875 0.1046875
6 0.8734375 0.0640625 0.096875 0.08671875
6 0.79609375 0.37578125 0.07890625 0.0984375
6 0.859375 0.440625 0.071875 0.06484375
6 0.90859375 0.35 0.04140625 0.0546875