3 0.4203125 0.259375 0.09765625 0.13125
3 0.253125 0.43984375 0.07734375 0.1
3 0.21328125 0.48515625 0.0796875 0.1046875
3 0.2 0.5953125 0.06015625 0.18828125
3 0.15078125 0.60078125 0.059375 0.17265625
3 0.26015625 0.575 0.0796875 0.078125
3 0.359375 0.60390625 0.0953125 0.1375
3 0.434375 0.57109375 0.046875 0.153125
3 0.478125 0.60234375 0.0640625 0.16328125
3 0.340625 0.86875 0.06796875 0.1890625
3 0.41796875 0.86484375 0.06640625 0.14140625
3 0.43203125 0.79453125 0.1046875 0.10859375
3 0.05 0.478125 0.084375 0.12421875
3 0.05859375 0.128125 0.05390625 0.1515625
3 0.0328125 0.53828125 0.05859375 0.1234375