4 0.71328125 0.33203125 0.2203125 0.35625
4 0.865625 0.496875 0.1015625 0.465625
4 0.3640625 0.7109375 0.10703125 0.1609375
4 0.2578125 0.81015625 0.08046875 0.190625
4 0.2203125 0.70234375 0.059375 0.20234375
4 0.27421875 0.60234375 0.1046875 0.15234375
4 0.19453125 0.35859375 0.05078125 0.24765625
4 0.16953125 0.4578125 0.06484375 0.14609375
4 0.09609375 0.35078125 0.0984375 0.12265625
4 0.20234375 0.57421875 0.07578125 0.2125
4 0.26015625 0.50078125 0.053125 0.24765625
4 0.3203125 0.478125 0.0859375 0.1609375
4 0.21875 0.22421875 0.0875 0.15390625