4 0.21015625 0.3546875 0.0625 0.13046875
4 0.590625 0.35859375 0.109375 0.08125
4 0.6859375 0.43046875 0.06328125 0.11328125
4 0.7546875 0.4625 0.0859375 0.0875
4 0.82109375 0.45703125 0.07109375 0.1109375
4 0.85078125 0.34921875 0.08671875 0.0796875
4 0.3796875 0.4453125 0.0828125 0.08984375
4 0.22265625 0.4796875 0.08828125 0.078125
4 0.2046875 0.55625 0.0859375 0.08671875
4 0.09609375 0.66328125 0.134375 0.07734375
4 0.3703125 0.54921875 0.0765625 0.12421875
4 0.48828125 0.69296875 0.0703125 0.11640625
4 0.57578125 0.575 0.09765625 0.11953125
4 0.603125 0.640625 0.13828125 0.11015625
4 0.65234375 0.68125 0.096875 0.14609375
4 0.73828125 0.6109375 0.0765625 0.14375
4 0.78984375 0.61640625 0.0890625 0.1484375
4 0.8484375 0.5625 0.09921875 0.09140625
4 0.86796875 0.88984375 0.0875 0.16640625
4 0.9296875 0.675 0.11875 0.153125
4 0.3953125 0.0640625 0.09921875 0.1046875
4 0.1484375 0.61484375 0.1203125 0.07265625
4 0.94296875 0.7796875 0.109375 0.0890625