5 0.5421875 0.3609375 0.0421875 0.0515625
5 0.48671875 0.45390625 0.03671875 0.046875
5 0.46484375 0.43671875 0.040625 0.0484375
5 0.48125 0.396875 0.05078125 0.0328125
5 0.52421875 0.46171875 0.04296875 0.0453125
5 0.5234375 0.5125 0.0328125 0.03984375
5 0.65625 0.48515625 0.040625 0.02890625
5 0.58359375 0.4390625 0.05234375 0.034375
5 0.63828125 0.1515625 0.02734375 0.0625
5 0.52421875 0.1046875 0.02265625 0.0515625
5 0.4265625 0.8265625 0.04453125 0.06171875
5 0.584375 0.70625 0.03515625 0.0734375