7 0.13125 0.1640625 0.24453125 0.32734375
7 0.35703125 0.1671875 0.2765625 0.3328125
7 0.60859375 0.18046875 0.2625 0.35078125
7 0.87578125 0.17265625 0.23828125 0.33828125
7 0.87734375 0.50546875 0.23671875 0.31796875
7 0.61171875 0.5125 0.246875 0.31171875
7 0.36171875 0.50703125 0.23671875 0.32734375
7 0.13515625 0.4984375 0.25 0.30859375
7 0.38515625 0.82265625 0.29453125 0.34765625
7 0.65390625 0.82578125 0.328125 0.3296875
7 0.146875 0.81640625 0.27421875 0.3265625
7 0.88125 0.82578125 0.2265625 0.29453125