1 0.5828125 0.39453125 0.0765625 0.07265625
1 0.73359375 0.321875 0.05234375 0.0859375
1 0.4234375 0.20703125 0.05390625 0.10546875
1 0.26796875 0.30390625 0.03828125 0.06640625
1 0.54296875 0.28828125 0.0421875 0.084375
1 0.4828125 0.5171875 0.0546875 0.06328125
1 0.3375 0.57421875 0.0453125 0.078125
1 0.178125 0.5421875 0.0578125 0.06328125
1 0.234375 0.4546875 0.046875 0.07109375
1 0.403125 0.5796875 0.04921875 0.07421875
1 0.31484375 0.6421875 0.0328125 0.0359375
1 0.2875 0.628125 0.0390625 0.059375
1 0.3171875 0.46875 0.03828125 0.06484375
1 0.35390625 0.50625 0.04921875 0.053125
1 0.834375 0.21328125 0.0390625 0.06171875
1 0.7296875 0.48359375 0.06484375 0.05625
1 0.4765625 0.64140625 0.040625 0.08125
1 0.5328125 0.609375 0.05859375 0.06328125
0 0.43515625 0.6015625 0.33828125 0.33046875
1 0.11796875 0.2640625 0.053125 0.084375
1 0.128125 0.315625 0.04140625 0.07265625