1 0.30859375 0.534375 0.02734375 0.025
1 0.44296875 0.51875 0.03203125 0.025
1 0.45859375 0.3078125 0.02109375 0.0171875
1 0.31640625 0.33046875 0.0265625 0.0203125
1 0.54453125 0.24921875 0.0203125 0.025
1 0.5140625 0.25234375 0.0265625 0.01953125
1 0.50703125 0.26640625 0.02734375 0.01953125
1 0.4296875 0.23046875 0.0171875 0.01484375
1 0.47578125 0.3234375 0.03203125 0.02109375
1 0.38046875 0.4015625 0.02734375 0.021875
1 0.33359375 0.45 0.02109375 0.0171875
1 0.3484375 0.4609375 0.0203125 0.015625
1 0.328125 0.5015625 0.01875 0.01796875
1 0.3390625 0.5140625 0.02265625 0.021875
1 0.58828125 0.3765625 0.01015625 0.015625
1 0.55078125 0.38359375 0.01640625 0.02265625
1 0.56640625 0.36875 0.0234375 0.01953125
1 0.6 0.4015625 0.01796875 0.01640625
1 0.56171875 0.434375 0.02265625 0.015625
1 0.5578125 0.49375 0.0171875 0.0140625
1 0.24375 0.48046875 0.02265625 0.0171875
1 0.2625 0.48828125 0.025 0.0171875
1 0.2109375 0.57109375 0.0265625 0.01640625
1 0.15625 0.50234375 0.0171875 0.01875
1 0.21796875 0.50625 0.015625 0.01953125
1 0.246875 0.39140625 0.01875 0.01796875
1 0.19609375 0.39375 0.01484375 0.01875
1 0.1046875 0.396875 0.021875 0.015625
1 0.12578125 0.459375 0.03046875 0.01484375
1 0.18671875 0.4390625 0.015625 0.015625
1 0.203125 0.4671875 0.02578125 0.01953125