0 0.36171875 0.65546875 0.49140625 0.45234375
1 0.803125 0.25859375 0.059375 0.06484375
1 0.12421875 0.4765625 0.05234375 0.08828125
1 0.19296875 0.47109375 0.0375 0.0609375
1 0.1875 0.53515625 0.08046875 0.09453125
1 0.25546875 0.52109375 0.06875 0.07890625
1 0.16328125 0.590625 0.0546875 0.06015625
1 0.2 0.61953125 0.04765625 0.0515625
1 0.22578125 0.603125 0.03359375 0.06640625
1 0.25625 0.640625 0.06875 0.06640625
1 0.24765625 0.69375 0.05625 0.07109375
1 0.3140625 0.65390625 0.0515625 0.08046875
1 0.16484375 0.7078125 0.05234375 0.084375
1 0.0984375 0.7921875 0.046875 0.04765625
1 0.134375 0.853125 0.0515625 0.08359375
1 0.1828125 0.821875 0.05234375 0.06484375
1 0.240625 0.8421875 0.05546875 0.10390625
1 0.34453125 0.7109375 0.04140625 0.1
1 0.378125 0.72578125 0.04921875 0.0609375
1 0.421875 0.73515625 0.034375 0.06875
1 0.3859375 0.625 0.05390625 0.059375
1 0.4109375 0.58359375 0.06171875 0.08125
1 0.396875 0.67109375 0.071875 0.06015625
1 0.46875 0.64921875 0.05234375 0.10859375
1 0.44296875 0.6953125 0.040625 0.05859375
1 0.49296875 0.51328125 0.0578125 0.0875
1 0.45546875 0.534375 0.06796875 0.0703125
1 0.546875 0.4640625 0.06796875 0.0953125
1 0.56015625 0.2140625 0.05390625 0.06484375
1 0.5734375 0.1609375 0.0421875 0.06796875
1 0.9546875 0.26328125 0.05390625 0.1484375
1 0.89765625 0.10625 0.0484375 0.06875
1 0.8890625 0.3546875 0.05234375 0.07421875
0 0.7546875 0.4015625 0.17890625 0.278125