0 0.2609375 0.384375 0.51328125 0.48984375
0 0.6828125 0.23203125 0.57109375 0.46015625
1 0.7328125 0.35390625 0.11640625 0.17734375
1 0.81640625 0.3078125 0.0921875 0.109375
1 0.9390625 0.334375 0.1015625 0.184375
1 0.734375 0.5359375 0.059375 0.09765625
1 0.4640625 0.47890625 0.09140625 0.13125
1 0.31796875 0.60625 0.13359375 0.15078125
1 0.47734375 0.6125 0.096875 0.171875
1 0.20546875 0.678125 0.1078125 0.12109375
1 0.15390625 0.53984375 0.08359375 0.18359375
1 0.22265625 0.5453125 0.08828125 0.128125
1 0.1953125 0.45 0.07734375 0.125
1 0.19140625 0.3171875 0.05234375 0.121875
1 0.04765625 0.6125 0.08359375 0.10625
1 0.36484375 0.6703125 0.07421875 0.1328125
1 0.61953125 0.32890625 0.1046875 0.12421875
1 0.77421875 0.1265625 0.0671875 0.115625
1 0.9078125 0.15546875 0.08828125 0.11640625
1 0.7140625 0.2203125 0.04453125 0.11875
1 0.5546875 0.20859375 0.08984375 0.1
1 0.06640625 0.41484375 0.06328125 0.13125