0 0.540625 0.3171875 0.2515625 0.31484375
0 0.47265625 0.55390625 0.36484375 0.47578125
1 0.1875 0.71640625 0.06953125 0.11953125
1 0.57109375 0.23984375 0.06328125 0.09140625
1 0.553125 0.4015625 0.0703125 0.09765625
1 0.4703125 0.4703125 0.0953125 0.1109375
1 0.3515625 0.359375 0.08359375 0.084375
1 0.33671875 0.52265625 0.0515625 0.1046875
1 0.3984375 0.421875 0.06015625 0.09609375
1 0.6234375 0.51015625 0.08359375 0.07890625
1 0.3984375 0.63515625 0.0515625 0.11796875
1 0.48984375 0.61796875 0.065625 0.10390625
1 0.359375 0.76796875 0.0765625 0.0953125
1 0.3828125 0.88203125 0.08515625 0.1015625
1 0.54296875 0.9265625 0.0671875 0.090625
1 0.85859375 0.74296875 0.0484375 0.09296875
1 0.834375 0.84453125 0.0859375 0.09765625
1 0.91484375 0.85078125 0.08203125 0.0984375