0 0.50390625 0.64140625 0.93125 0.52578125
1 0.11875 0.58984375 0.13984375 0.14765625
1 0.3484375 0.4828125 0.11875 0.15234375
1 0.246875 0.5765625 0.103125 0.11015625
1 0.3140625 0.6390625 0.0859375 0.16171875
1 0.39609375 0.63671875 0.09921875 0.165625
1 0.56875 0.4421875 0.13984375 0.1109375
1 0.5859375 0.51796875 0.11328125 0.0984375
1 0.60078125 0.6234375 0.12109375 0.12734375
1 0.275 0.78203125 0.11796875 0.115625
1 0.18125 0.8296875 0.11328125 0.115625
1 0.0859375 0.74921875 0.134375 0.165625
1 0.053125 0.87734375 0.103125 0.11875
1 0.40546875 0.765625 0.1015625 0.1109375
1 0.7546875 0.68125 0.103125 0.134375
1 0.859375 0.61015625 0.1171875 0.1390625
1 0.6859375 0.509375 0.09921875 0.115625
1 0.6765625 0.78984375 0.103125 0.1390625
1 0.4984375 0.596875 0.0984375 0.15625