0 0.44296875 0.528125 0.8546875 0.5421875
1 0.6625 0.4296875 0.10625 0.09609375
1 0.784375 0.428125 0.1046875 0.1046875
1 0.6109375 0.3328125 0.090625 0.1203125
1 0.54296875 0.24609375 0.1046875 0.1046875
1 0.43828125 0.3859375 0.09140625 0.078125
1 0.509375 0.4375 0.0765625 0.08828125
1 0.2859375 0.34453125 0.10546875 0.07265625
1 0.11953125 0.36328125 0.08984375 0.11953125
1 0.36015625 0.3828125 0.07578125 0.11328125
1 0.3203125 0.46640625 0.12265625 0.09921875
1 0.38828125 0.4421875 0.08046875 0.0671875
1 0.44140625 0.44921875 0.08203125 0.090625
1 0.5953125 0.45 0.07265625 0.0609375
1 0.59375 0.5515625 0.0875 0.1046875
1 0.68125 0.54453125 0.109375 0.11875
1 0.78515625 0.54921875 0.0921875 0.10703125
1 0.4953125 0.58046875 0.0921875 0.14609375
1 0.434375 0.56953125 0.0734375 0.0875
1 0.35078125 0.55234375 0.121875 0.08984375
1 0.384375 0.59921875 0.09453125 0.0875
1 0.3109375 0.5984375 0.1015625 0.11875
1 0.17421875 0.5328125 0.1109375 0.07265625
1 0.2296875 0.47578125 0.09765625 0.07890625
1 0.13515625 0.62890625 0.1296875 0.1421875
1 0.21484375 0.60859375 0.11484375 0.115625
1 0.28125 0.6875 0.1328125 0.09921875
1 0.34921875 0.7390625 0.11796875 0.08984375
1 0.4625 0.80546875 0.1109375 0.1
1 0.46875 0.69296875 0.11171875 0.12265625
1 0.11328125 0.7515625 0.08984375 0.08359375
1 0.22890625 0.80703125 0.0921875 0.08203125