0 0.25546875 0.61796875 0.4859375 0.50859375
1 0.5953125 0.315625 0.0625 0.16015625
1 0.8796875 0.259375 0.16171875 0.1765625
1 0.81875 0.43203125 0.13671875 0.08515625
1 0.6515625 0.40625 0.1015625 0.1015625
1 0.55859375 0.4296875 0.0921875 0.09140625
1 0.49453125 0.5359375 0.09375 0.1015625
1 0.76875 0.23828125 0.11328125 0.14296875
1 0.4328125 0.48203125 0.10546875 0.16796875
1 0.32109375 0.57578125 0.0859375 0.16875
1 0.42265625 0.6234375 0.13671875 0.13125
1 0.221875 0.625 0.07265625 0.11484375
1 0.11953125 0.81328125 0.11484375 0.13515625
1 0.25625 0.71875 0.1109375 0.1125
1 0.2328125 0.79375 0.12421875 0.09453125
1 0.57265625 0.49921875 0.08828125 0.08671875