0 0.52265625 0.50390625 0.2203125 0.784375
0 0.190625 0.2328125 0.26953125 0.44296875
1 0.28359375 0.6390625 0.10625 0.12578125
1 0.38046875 0.7328125 0.09296875 0.12109375
1 0.34453125 0.828125 0.1078125 0.103125
1 0.47890625 0.5578125 0.0703125 0.1171875
1 0.45703125 0.2046875 0.08515625 0.1140625
1 0.51875 0.6390625 0.07890625 0.13515625
1 0.5140625 0.74140625 0.06796875 0.11484375
1 0.14375 0.11875 0.0640625 0.09296875
1 0.18515625 0.15703125 0.0578125 0.07578125
1 0.55390625 0.87265625 0.090625 0.12265625
1 0.51015625 0.2484375 0.06171875 0.11171875
1 0.47734375 0.41875 0.06953125 0.1078125
1 0.50078125 0.340625 0.059375 0.0875