0 0.62265625 0.6796875 0.29453125 0.34296875
1 0.44296875 0.2671875 0.05078125 0.0359375
1 0.5765625 0.29140625 0.0546875 0.07421875
1 0.4140625 0.48046875 0.040625 0.04765625
1 0.46171875 0.48046875 0.05390625 0.0515625
1 0.35859375 0.59921875 0.0375 0.04453125
1 0.3265625 0.5515625 0.04453125 0.03984375
1 0.31328125 0.45859375 0.04609375 0.0546875
1 0.33046875 0.60390625 0.04375 0.03984375
1 0.24453125 0.590625 0.04921875 0.03671875
2 0.25234375 0.6546875 0.0671875 0.0765625
2 0.18203125 0.61875 0.03984375 0.0984375
2 0.19140625 0.49453125 0.05703125 0.08671875
1 0.23984375 0.44609375 0.03828125 0.05078125
1 0.2796875 0.44375 0.0265625 0.0421875
1 0.42578125 0.4421875 0.0296875 0.0421875
2 0.48046875 0.39140625 0.04375 0.06796875
1 0.37421875 0.803125 0.0375 0.0546875
1 0.4296875 0.70859375 0.03046875 0.053125
1 0.49375 0.7109375 0.0421875 0.0625
1 0.4203125 0.60859375 0.025 0.0546875
1 0.49921875 0.78515625 0.034375 0.05234375
1 0.5296875 0.64921875 0.028125 0.04140625
1 0.6453125 0.45703125 0.03203125 0.04609375
1 0.5234375 0.46953125 0.04140625 0.04140625
1 0.73671875 0.54765625 0.03125 0.06015625
1 0.63671875 0.72890625 0.0359375 0.04296875
1 0.659375 0.70390625 0.0359375 0.03671875
1 0.62578125 0.5609375 0.03515625 0.0265625
1 0.70390625 0.9359375 0.04296875 0.03984375