1 0.31328125 0.3125 0.22734375 0.37265625
1 0.46640625 0.290625 0.1734375 0.20703125
1 0.25390625 0.65390625 0.15078125 0.2765625
1 0.06171875 0.6453125 0.1234375 0.2609375
1 0.33671875 0.69765625 0.13359375 0.21171875
1 0.425 0.840625 0.11640625 0.20078125
1 0.584375 0.684375 0.16171875 0.2984375
1 0.82890625 0.6203125 0.14296875 0.278125
1 0.9390625 0.575 0.10234375 0.2203125
1 0.66875 0.86171875 0.1328125 0.13203125
1 0.71015625 0.20546875 0.11953125 0.15234375
1 0.62109375 0.175 0.0765625 0.12265625
1 0.675 0.36171875 0.10703125 0.20234375