0 0.4328125 0.60625 0.1875 0.28125
0 0.63125 0.54375 0.153125 0.21328125
0 0.59921875 0.81796875 0.18984375 0.24765625
0 0.36796875 0.19765625 0.15390625 0.37421875
0 0.59375 0.11328125 0.2640625 0.20859375
0 0.85390625 0.09453125 0.17421875 0.15625
1 0.31484375 0.16328125 0.0265625 0.04921875
1 0.55546875 0.77578125 0.025 0.0515625
1 0.58671875 0.6921875 0.034375 0.06015625
1 0.475 0.64765625 0.02265625 0.05390625
1 0.44375 0.615625 0.025 0.0421875
1 0.628125 0.509375 0.0296875 0.03671875
1 0.66875 0.50390625 0.03671875 0.040625
1 0.57890625 0.334375 0.02421875 0.06328125
1 0.24453125 0.6609375 0.03203125 0.0578125