0 0.8265625 0.275 0.33125 0.54609375
0 0.228125 0.4828125 0.27421875 0.1375
0 0.384375 0.78671875 0.3984375 0.25546875
1 0.3046875 0.475 0.0953125 0.08515625
1 0.50390625 0.45078125 0.08046875 0.065625
1 0.6359375 0.4046875 0.05625 0.084375
1 0.74453125 0.4 0.0453125 0.0578125
1 0.73984375 0.04375 0.07578125 0.06875
1 0.24453125 0.74140625 0.06953125 0.07734375
1 0.28984375 0.7984375 0.06953125 0.059375
1 0.50390625 0.71484375 0.07421875 0.04453125
1 0.51875 0.7703125 0.07265625 0.0640625
1 0.80078125 0.7953125 0.11171875 0.06328125
1 0.7015625 0.7578125 0.12109375 0.12734375
1 0.05625 0.215625 0.0875 0.1109375
1 0.228125 0.196875 0.07421875 0.1015625
1 0.2515625 0.07734375 0.16015625 0.1015625
1 0.14375 0.1328125 0.07734375 0.103125
1 0.5265625 0.32109375 0.08671875 0.07265625
1 0.25546875 0.2671875 0.07890625 0.059375