1 0.4671875 0.6359375 0.128125 0.26953125
1 0.8109375 0.61171875 0.12109375 0.26015625
2 0.4984375 0.396875 0.2546875 0.15546875
1 0.59921875 0.52890625 0.0703125 0.09375
1 0.19765625 0.5203125 0.15234375 0.2796875
1 0.21328125 0.1984375 0.1625 0.2078125
1 0.10625 0.2140625 0.11328125 0.2625
1 0.090625 0.41875 0.12578125 0.1875
1 0.09609375 0.5640625 0.10234375 0.12578125
1 0.07265625 0.6359375 0.1296875 0.14609375
1 0.20703125 0.74296875 0.15703125 0.1515625
1 0.2640625 0.6328125 0.1046875 0.11171875
1 0.26640625 0.36171875 0.084375 0.13671875
1 0.0421875 0.890625 0.084375 0.15625