1 0.440625 0.61796875 0.03046875 0.0734375
1 0.25546875 0.4640625 0.02421875 0.065625
1 0.21640625 0.44921875 0.0234375 0.04921875
1 0.15 0.6265625 0.03984375 0.059375
1 0.14296875 0.07421875 0.0296875 0.0609375
1 0.40234375 0.83125 0.02578125 0.07265625
1 0.3953125 0.515625 0.02421875 0.059375
1 0.36953125 0.5359375 0.02421875 0.04765625
1 0.3890625 0.5640625 0.025 0.05078125
1 0.5609375 0.08046875 0.0375 0.08671875
1 0.58828125 0.284375 0.03046875 0.05546875
1 0.3265625 0.36484375 0.06953125 0.09921875
1 0.08515625 0.39375 0.02578125 0.065625
1 0.10625 0.40234375 0.01796875 0.0640625
1 0.121875 0.40078125 0.021875 0.05546875
1 0.4453125 0.68984375 0.0265625 0.078125
1 0.4578125 0.7359375 0.02109375 0.06015625
1 0.409375 0.634375 0.03125 0.05390625