0 0.4671875 0.4828125 0.9171875 0.96328125
1 0.55078125 0.290625 0.09453125 0.1609375
1 0.35234375 0.48515625 0.16953125 0.2625
1 0.6140625 0.5234375 0.10390625 0.2046875
1 0.79296875 0.465625 0.078125 0.19140625
1 0.7734375 0.6125 0.1078125 0.153125
1 0.703125 0.78671875 0.13359375 0.265625
1 0.8046875 0.1328125 0.109375 0.1578125
1 0.4609375 0.3328125 0.09453125 0.14765625
1 0.36796875 0.2765625 0.090625 0.17890625
1 0.30078125 0.35078125 0.0796875 0.15078125
1 0.1953125 0.4453125 0.1203125 0.16796875
1 0.12421875 0.67421875 0.1453125 0.24765625
1 0.24296875 0.70703125 0.078125 0.146875
1 0.2203125 0.18046875 0.12421875 0.19375