0 0.696875 0.4859375 0.56875 0.92890625
0 0.09921875 0.5859375 0.19765625 0.746875
1 0.26328125 0.32265625 0.09140625 0.109375
1 0.2765625 0.4953125 0.09140625 0.115625
1 0.43984375 0.346875 0.12734375 0.17890625
1 0.38984375 0.240625 0.0859375 0.13984375
1 0.33671875 0.3484375 0.08671875 0.11015625
1 0.3078125 0.40859375 0.08984375 0.08359375
1 0.29375 0.70390625 0.06640625 0.09921875
1 0.14140625 0.79921875 0.109375 0.16484375
1 0.3234375 0.878125 0.1375 0.17265625
2 0.47109375 0.646875 0.15546875 0.37578125
1 0.60703125 0.19609375 0.153125 0.16015625
1 0.58046875 0.32734375 0.07578125 0.109375
1 0.546875 0.44296875 0.1265625 0.084375
1 0.7 0.40625 0.1578125 0.146875
1 0.6390625 0.55625 0.18515625 0.13515625
1 0.86875 0.59375 0.084375 0.10234375
1 0.89375 0.51875 0.09453125 0.13515625
1 0.90078125 0.85546875 0.0953125 0.1890625
1 0.8 0.696875 0.09609375 0.10546875
1 0.10546875 0.3640625 0.11328125 0.16171875
1 0.11796875 0.26796875 0.12578125 0.10390625
1 0.1515625 0.5421875 0.09765625 0.12265625
1 0.07265625 0.6796875 0.078125 0.10234375
1 0.1828125 0.925 0.08671875 0.06640625
1 0.62890625 0.06796875 0.08828125 0.08984375
1 0.81171875 0.20546875 0.1078125 0.1046875
1 0.475 0.86015625 0.1171875 0.15546875