0 0.58046875 0.478125 0.41015625 0.52890625
1 0.66015625 0.3125 0.15859375 0.153125
1 0.4421875 0.39765625 0.165625 0.1125
1 0.49296875 0.5078125 0.06953125 0.05546875
1 0.421875 0.49375 0.07421875 0.05703125
1 0.42734375 0.553125 0.05 0.06328125
1 0.578125 0.465625 0.0828125 0.0671875
1 0.6484375 0.453125 0.07421875 0.06953125
1 0.7203125 0.4546875 0.07578125 0.0765625
1 0.61171875 0.52890625 0.08046875 0.05625
1 0.4328125 0.66953125 0.06953125 0.07265625
1 0.4765625 0.74765625 0.06171875 0.05390625
1 0.56484375 0.70625 0.0734375 0.084375
1 0.7 0.52421875 0.0671875 0.10078125
1 0.81328125 0.334375 0.06484375 0.10078125
1 0.7734375 0.3953125 0.059375 0.08203125
1 0.68515625 0.3875 0.05859375 0.05390625
1 0.30859375 0.91171875 0.08046875 0.05625
1 0.22265625 0.959375 0.09921875 0.07578125
1 0.325 0.55 0.08984375 0.10390625
1 0.753125 0.12578125 0.13984375 0.14609375
1 0.87578125 0.2046875 0.0609375 0.08828125