1 0.5578125 0.55234375 0.2 0.15703125
1 0.50390625 0.11015625 0.09453125 0.14296875
1 0.5375 0.2828125 0.125 0.10625
1 0.64375 0.3 0.11171875 0.121875
1 0.7421875 0.325 0.09921875 0.1015625
1 0.6734375 0.425 0.09375 0.09453125
1 0.61640625 0.49453125 0.08046875 0.08203125
1 0.71484375 0.48828125 0.09609375 0.1
1 0.7828125 0.5734375 0.0921875 0.08203125
1 0.715625 0.5921875 0.09453125 0.078125
1 0.7484375 0.64375 0.1140625 0.08359375
1 0.446875 0.68671875 0.0953125 0.12109375
1 0.3375 0.6859375 0.1 0.11328125
1 0.58046875 0.7984375 0.078125 0.0765625
1 0.63359375 0.7703125 0.0625 0.07421875
1 0.684375 0.8078125 0.0796875 0.0796875
1 0.74140625 0.8078125 0.07890625 0.06796875
1 0.83515625 0.7546875 0.05859375 0.08359375
1 0.821875 0.8078125 0.1109375 0.0796875
1 0.840625 0.85390625 0.10703125 0.0859375