0 0.747572815625 0.8469255671875 0.4233009703125 0.30582524218749996 0.35469255624999996 0.39514563125 0.6841423953125 0.9763754046875001 0.747572815625 0.8469255671875
0 0.4045307453125 0.2812297734375 0.4459546921875 0.22297734687499998 0.397411003125 0.03527508125 0.36569579218750004 0.0080906140625 0.207766990625 0.0042071203125 0.21423948125 0.0805825234375 0.292556634375 0.057281553124999995 0.3294498375 0.1336569578125 0.34239482187500003 0.23074433593750002 0.4045307453125 0.2812297734375
1 0.49296875 0.53359375 0.025 0.04296875
1 0.4890625 0.4515625 0.02890625 0.040625
1 0.44296875 0.4875 0.021875 0.04921875
1 0.58125 0.67734375 0.0234375 0.05390625
1 0.6203125 0.72109375 0.02578125 0.05
1 0.6171875 0.78828125 0.0328125 0.04375
1 0.52265625 0.584375 0.02421875 0.03203125
1 0.65 0.77734375 0.01953125 0.03203125
1 0.7046875 0.9 0.03671875 0.05859375