1 0.24375 0.7234375 0.1328125 0.11796875
1 0.71328125 0.2765625 0.0625 0.1171875
1 0.76796875 0.3234375 0.06484375 0.07265625
1 0.84453125 0.19375 0.0515625 0.08203125
1 0.40546875 0.56171875 0.06328125 0.09375
1 0.40625 0.72578125 0.0671875 0.07578125
1 0.49921875 0.159375 0.0515625 0.071875
1 0.02421875 0.12109375 0.04296875 0.096875
1 0.04296875 0.8125 0.08515625 0.07421875
1 0.5578125 0.8015625 0.04609375 0.1
1 0.5484375 0.8765625 0.0515625 0.06328125
1 0.57421875 0.53359375 0.08671875 0.10234375
1 0.50390625 0.521875 0.05859375 0.1
1 0.56015625 0.63203125 0.0890625 0.13359375
1 0.11875 0.875 0.07578125 0.07890625
1 0.5609375 0.38515625 0.0953125 0.075
1 0.6703125 0.43046875 0.1015625 0.17265625