1 0.290625 0.5453125 0.06484375 0.13515625
1 0.4125 0.59609375 0.08203125 0.13125
1 0.44140625 0.47109375 0.07421875 0.0953125
1 0.428125 0.33359375 0.0828125 0.07265625
1 0.3796875 0.31953125 0.07734375 0.08359375
1 0.28359375 0.41171875 0.078125 0.10234375
1 0.39375 0.39921875 0.07421875 0.06640625
1 0.3671875 0.4703125 0.103125 0.1546875
1 0.6625 0.40703125 0.07890625 0.10546875
1 0.66796875 0.48671875 0.08203125 0.1109375
1 0.71875 0.35 0.0921875 0.08046875
1 0.65078125 0.275 0.0890625 0.0828125
1 0.721875 0.24921875 0.0625 0.07109375
1 0.7671875 0.18359375 0.08359375 0.06484375
1 0.90390625 0.35390625 0.0671875 0.07578125
1 0.94921875 0.21796875 0.05859375 0.071875
1 0.16875 0.365625 0.07890625 0.06953125
1 0.115625 0.2828125 0.11953125 0.09609375