1 0.28515625 0.30859375 0.08203125 0.15859375
1 0.35859375 0.37890625 0.0875 0.1140625
1 0.4171875 0.33515625 0.05078125 0.1390625
1 0.4765625 0.38828125 0.06640625 0.12265625
1 0.50546875 0.3171875 0.04765625 0.07890625
1 0.52421875 0.37421875 0.04765625 0.05
1 0.58125 0.3421875 0.09296875 0.159375
1 0.74765625 0.38359375 0.0765625 0.13125
1 0.22734375 0.1328125 0.08984375 0.11796875
0 0.5390625 0.10859375 0.078125 0.1359375
1 0.1171875 0.365625 0.06484375 0.11171875
1 0.0640625 0.1640625 0.11796875 0.1109375
1 0.659375 0.40625 0.06796875 0.09609375
1 0.790625 0.4890625 0.0953125 0.0875
1 0.565625 0.4765625 0.0609375 0.07265625
1 0.62734375 0.47421875 0.0515625 0.06875
1 0.453125 0.5421875 0.06796875 0.11796875
1 0.3234375 0.5921875 0.0890625 0.128125
1 0.19765625 0.59921875 0.07265625 0.15
1 0.1109375 0.55625 0.0953125 0.1109375
2 0.4765625 0.775 0.1609375 0.2484375
2 0.05546875 0.81484375 0.1 0.2734375
1 0.73203125 0.821875 0.0640625 0.13828125
1 0.64375 0.67890625 0.07109375 0.12109375
1 0.65859375 0.5609375 0.05390625 0.12109375
1 0.59765625 0.55078125 0.0421875 0.096875
1 0.525 0.54140625 0.0484375 0.1109375
1 0.89296875 0.475 0.07578125 0.09921875
1 0.90390625 0.39921875 0.059375 0.09609375
1 0.66015625 0.24296875 0.075 0.08984375
1 0.45859375 0.21953125 0.05078125 0.090625
1 0.20859375 0.36640625 0.046875 0.10859375
2 0.94453125 0.87109375 0.084375 0.134375
0 0.59453125 0.43046875 0.72421875 0.54140625