0 0.46328125 0.5 0.8796875 0.78359375
1 0.15234375 0.3546875 0.16640625 0.16015625
1 0.2875 0.44296875 0.1203125 0.15078125
1 0.42890625 0.41328125 0.18203125 0.16015625
2 0.6703125 0.3203125 0.353125 0.27890625
1 0.45703125 0.5484375 0.1125 0.1296875
1 0.16640625 0.67578125 0.13125 0.2171875
1 0.22578125 0.57265625 0.11640625 0.09921875
1 0.4984375 0.6734375 0.09453125 0.096875
1 0.60625 0.6703125 0.1125 0.11328125
1 0.67421875 0.8015625 0.10703125 0.20859375
1 0.76875 0.71796875 0.128125 0.1296875
1 0.50625 0.803125 0.12734375 0.21171875
1 0.30546875 0.3203125 0.09765625 0.10546875
1 0.8875 0.64375 0.11171875 0.14609375