1 0.7921875 0.71015625 0.26328125 0.34765625
1 0.79140625 0.2390625 0.2734375 0.4109375
1 0.1765625 0.21640625 0.040625 0.07109375
1 0.23359375 0.25625 0.0390625 0.07890625
1 0.3140625 0.20703125 0.046875 0.07890625
1 0.490625 0.33046875 0.04296875 0.06328125
1 0.44765625 0.36015625 0.0484375 0.0765625
1 0.34375 0.66484375 0.03671875 0.0609375
1 0.19765625 0.60234375 0.03515625 0.08125
1 0.13515625 0.56640625 0.03125 0.06328125
0 0.16640625 0.51484375 0.22265625 0.27265625
0 0.4421875 0.6546875 0.2796875 0.28046875
0 0.16484375 0.15390625 0.22265625 0.3046875
0 0.4890625 0.30703125 0.20390625 0.29296875