1 0.38046875 0.69765625 0.06328125 0.12265625
1 0.3640625 0.5171875 0.03671875 0.096875
1 0.3515625 0.6015625 0.0546875 0.0984375
1 0.2765625 0.4953125 0.06953125 0.065625
1 0.3234375 0.5546875 0.0671875 0.08046875
1 0.3171875 0.7375 0.0515625 0.05859375
1 0.334375 0.69921875 0.0390625 0.0640625
1 0.30703125 0.7859375 0.06015625 0.06015625
1 0.396875 0.7953125 0.06484375 0.084375
1 0.43203125 0.746875 0.0453125 0.0484375
1 0.478125 0.68984375 0.0484375 0.096875
1 0.56328125 0.5734375 0.0640625 0.1015625
1 0.5046875 0.43671875 0.05 0.07265625
1 0.5796875 0.65859375 0.0453125 0.09375
0 0.34375 0.67734375 0.234375 0.5390625