0 0.55859375 0.58359375 0.853125 0.51640625
1 0.54140625 0.38671875 0.13984375 0.15546875
1 0.259375 0.64765625 0.109375 0.103125
1 0.69375 0.5703125 0.1453125 0.1703125
1 0.5390625 0.5828125 0.140625 0.10625
1 0.5828125 0.6875 0.1125 0.178125
1 0.31796875 0.54453125 0.1171875 0.15
1 0.4234375 0.5234375 0.11875 0.12578125
1 0.38984375 0.42109375 0.08828125 0.13515625
1 0.4515625 0.39375 0.08046875 0.13515625
1 0.43359375 0.671875 0.090625 0.12421875
1 0.24453125 0.7609375 0.10625 0.1328125
1 0.853125 0.50546875 0.1421875 0.15546875
1 0.79609375 0.63828125 0.128125 0.11796875
1 0.65234375 0.78671875 0.090625 0.12578125