0 0.7796875 0.49140625 0.3984375 0.33046875
0 0.57890625 0.7953125 0.25078125 0.1890625
0 0.19765625 0.84375 0.2609375 0.30703125
1 0.3375 0.25 0.06796875 0.09296875
1 0.4 0.2625 0.059375 0.11015625
2 0.33671875 0.334375 0.0953125 0.096875
2 0.36796875 0.465625 0.0578125 0.14921875
1 0.39453125 0.57421875 0.06015625 0.0609375
2 0.07109375 0.7125 0.04375 0.16640625
1 0.1078125 0.72734375 0.05390625 0.07109375
1 0.134375 0.75234375 0.025 0.0578125
1 0.15390625 0.73359375 0.02578125 0.05
1 0.15078125 0.78671875 0.04140625 0.03359375
1 0.1828125 0.7765625 0.02421875 0.059375
1 0.21328125 0.7828125 0.0421875 0.0546875
1 0.178125 0.8328125 0.040625 0.04765625
1 0.1015625 0.86328125 0.04140625 0.06328125
1 0.2015625 0.8546875 0.028125 0.0546875
1 0.23359375 0.85859375 0.02421875 0.05625
1 0.2625 0.89140625 0.0453125 0.04765625
1 0.30703125 0.9296875 0.02890625 0.0515625
1 0.31171875 0.9734375 0.02890625 0.05078125
1 0.26640625 0.95078125 0.0609375 0.09609375
1 0.37265625 0.546875 0.0265625 0.03671875
1 0.35234375 0.5515625 0.0171875 0.03984375
1 0.07890625 0.22109375 0.046875 0.0671875
1 0.4609375 0.7328125 0.03828125 0.0484375
1 0.49375 0.74765625 0.03671875 0.03125
1 0.49140625 0.78359375 0.03359375 0.04140625
1 0.51796875 0.7609375 0.028125 0.0375
1 0.553125 0.76484375 0.02890625 0.04765625
1 0.54921875 0.8203125 0.06640625 0.1046875
1 0.65625 0.8078125 0.05 0.0453125
1 0.67734375 0.84453125 0.0390625 0.0484375
1 0.64609375 0.85078125 0.03515625 0.0578125
1 0.6109375 0.83046875 0.02890625 0.0390625
1 0.5921875 0.79609375 0.034375 0.040625
2 0.61875 0.7375 0.046875 0.17109375
1 0.584375 0.365625 0.03359375 0.0578125
1 0.61875 0.36171875 0.04296875 0.06015625
1 0.66015625 0.37734375 0.05859375 0.071875
1 0.62265625 0.45234375 0.071875 0.0671875
1 0.678125 0.440625 0.03984375 0.0375
1 0.715625 0.45 0.03984375 0.04375
1 0.74609375 0.515625 0.05078125 0.06640625
1 0.70546875 0.4078125 0.0359375 0.04765625
1 0.753125 0.45234375 0.03125 0.040625
1 0.6921875 0.52578125 0.034375 0.0484375
1 0.80703125 0.440625 0.06796875 0.075
1 0.7859375 0.515625 0.0390625 0.0375
1 0.81640625 0.5265625 0.034375 0.03671875
1 0.8109375 0.63046875 0.0484375 0.0625
1 0.84296875 0.58125 0.03046875 0.0421875
1 0.86953125 0.521875 0.03046875 0.03515625
1 0.89765625 0.51875 0.0328125 0.0359375
1 0.94921875 0.509375 0.03984375 0.0390625
1 0.9234375 0.49296875 0.03984375 0.0390625
1 0.8984375 0.56796875 0.0296875 0.06875
1 0.92265625 0.57109375 0.0328125 0.06640625
1 0.9453125 0.56171875 0.03125 0.05859375
1 0.85859375 0.4734375 0.03515625 0.04296875
1 0.8734375 0.4890625 0.0234375 0.0390625
1 0.89921875 0.48515625 0.03203125 0.046875
1 0.70859375 0.478125 0.034375 0.02890625