1 0.3140625 0.3484375 0.07890625 0.1125
1 0.4421875 0.43046875 0.09921875 0.1109375
1 0.4375 0.35625 0.07578125 0.06796875
1 0.51875 0.5171875 0.07890625 0.09921875
1 0.575 0.54921875 0.06171875 0.134375
1 0.67890625 0.5953125 0.0828125 0.0953125
1 0.79296875 0.64609375 0.0640625 0.09296875
1 0.853125 0.6390625 0.0765625 0.07265625
1 0.80078125 0.584375 0.06953125 0.084375
1 0.1984375 0.24609375 0.0828125 0.1015625
1 0.25546875 0.28984375 0.06640625 0.0828125
1 0.13515625 0.184375 0.071875 0.08671875
1 0.03828125 0.08671875 0.0609375 0.08359375
1 0.2640625 0.23515625 0.06171875 0.0828125