0 0.46796875 0.5015625 0.92734375 0.54296875
1 0.23515625 0.19375 0.05390625 0.05859375
1 0.23828125 0.32421875 0.0578125 0.05390625
1 0.34296875 0.29296875 0.053125 0.06484375
1 0.32890625 0.3359375 0.03984375 0.05390625
1 0.2734375 0.39140625 0.05625 0.0796875
1 0.33046875 0.40390625 0.05859375 0.075
1 0.209375 0.45 0.03984375 0.084375
1 0.25 0.47578125 0.0390625 0.05
1 0.34921875 0.4671875 0.05625 0.0421875
1 0.37890625 0.440625 0.04765625 0.06171875
1 0.34765625 0.4984375 0.05546875 0.0609375
1 0.23515625 0.5015625 0.05703125 0.0546875
1 0.29453125 0.5140625 0.065625 0.06015625
1 0.0359375 0.39765625 0.0328125 0.0515625
1 0.0671875 0.38203125 0.04375 0.06171875
1 0.14375 0.45703125 0.04609375 0.09140625
1 0.1 0.44921875 0.0625 0.06796875
1 0.08828125 0.50546875 0.05390625 0.04375
1 0.0265625 0.51328125 0.04140625 0.04296875
1 0.1734375 0.5390625 0.05625 0.0609375
1 0.21953125 0.55859375 0.0671875 0.05
1 0.09140625 0.5578125 0.06796875 0.06484375
1 0.19765625 0.62890625 0.0578125 0.0765625
1 0.2546875 0.59921875 0.0265625 0.04140625
1 0.28046875 0.6015625 0.03515625 0.0375
1 0.3125 0.6234375 0.04140625 0.05
1 0.35546875 0.57890625 0.046875 0.07890625
1 0.271875 0.6765625 0.0515625 0.08515625
1 0.3609375 0.6921875 0.0515625 0.05625
1 0.4265625 0.6359375 0.0453125 0.071875
1 0.43046875 0.5390625 0.03515625 0.04921875
1 0.4796875 0.478125 0.05 0.05078125
1 0.46171875 0.5578125 0.04609375 0.03984375
1 0.51953125 0.3375 0.0609375 0.07109375
2 0.45859375 0.33046875 0.05390625 0.134375
1 0.53125 0.46953125 0.0515625 0.065625
1 0.5296875 0.5296875 0.04296875 0.04921875
1 0.50546875 0.5765625 0.03984375 0.06171875
1 0.52421875 0.65078125 0.046875 0.046875
1 0.57109375 0.6171875 0.04296875 0.07265625
1 0.5078125 0.7015625 0.04140625 0.04296875
1 0.5078125 0.7609375 0.0609375 0.06875
1 0.59453125 0.73515625 0.0515625 0.06953125
1 0.5765625 0.68203125 0.05 0.0734375
1 0.65234375 0.70390625 0.05546875 0.0640625
1 0.62109375 0.6609375 0.04375 0.06015625
1 0.6125 0.58515625 0.0484375 0.05
1 0.62890625 0.621875 0.05625 0.0421875
1 0.58671875 0.53671875 0.04921875 0.06171875
1 0.58671875 0.43984375 0.05078125 0.04375
1 0.5921875 0.359375 0.06796875 0.0671875
1 0.628125 0.27265625 0.04375 0.04375
1 0.68125 0.36015625 0.0453125 0.04921875
1 0.7171875 0.4421875 0.075 0.053125
1 0.68515625 0.525 0.05 0.05234375
1 0.64921875 0.53046875 0.0515625 0.0625
1 0.71640625 0.546875 0.04375 0.059375
1 0.66875 0.5953125 0.03671875 0.0453125
1 0.7203125 0.66484375 0.06328125 0.08671875
1 0.78515625 0.67109375 0.0578125 0.0828125
1 0.8078125 0.60703125 0.03671875 0.06171875