0 0.58671875 0.53046875 0.81328125 0.7234375
1 0.446875 0.7734375 0.13984375 0.21875
1 0.275 0.68515625 0.190625 0.26015625
1 0.40703125 0.55859375 0.12578125 0.18515625
1 0.61328125 0.43359375 0.125 0.146875
1 0.496875 0.4765625 0.1203125 0.11875
1 0.58359375 0.578125 0.121875 0.15234375
1 0.66640625 0.6734375 0.15390625 0.1609375
1 0.68125 0.81015625 0.1046875 0.15546875
1 0.60546875 0.81328125 0.1140625 0.153125
1 0.70390625 0.4296875 0.08203125 0.14453125
1 0.7890625 0.6125 0.1546875 0.1703125
1 0.95546875 0.4453125 0.0796875 0.2484375