1 0.809375 0.36640625 0.14609375 0.18125
1 0.79140625 0.246875 0.14296875 0.1828125
1 0.78671875 0.1 0.15390625 0.1765625
1 0.546875 0.29453125 0.0765625 0.22265625
1 0.3796875 0.28046875 0.10234375 0.20234375
1 0.3296875 0.14765625 0.08046875 0.17578125
1 0.3453125 0.409375 0.07265625 0.13984375
1 0.30078125 0.440625 0.07421875 0.146875
1 0.17421875 0.59921875 0.0890625 0.134375
1 0.2421875 0.66328125 0.08046875 0.18828125
1 0.47734375 0.6796875 0.10703125 0.14375
1 0.4046875 0.74140625 0.08984375 0.190625
1 0.32109375 0.7375 0.12109375 0.10546875
1 0.26484375 0.80625 0.078125 0.14375
1 0.3375 0.86484375 0.12109375 0.16875