0 0.35234375 0.54296875 0.684375 0.56171875
1 0.10859375 0.3484375 0.07890625 0.0890625
1 0.2375 0.2890625 0.05390625 0.0515625
1 0.26171875 0.33125 0.0484375 0.04765625
1 0.30703125 0.31484375 0.05546875 0.05625
1 0.25390625 0.3734375 0.06328125 0.05390625
1 0.196875 0.38203125 0.06484375 0.059375
1 0.28671875 0.39453125 0.05390625 0.05234375
1 0.1671875 0.4703125 0.0703125 0.053125
1 0.09453125 0.50390625 0.07421875 0.065625
1 0.2984375 0.478125 0.07578125 0.0640625
1 0.15625 0.575 0.06953125 0.06875
1 0.18828125 0.63125 0.06328125 0.05390625
1 0.1109375 0.61484375 0.07734375 0.0640625
1 0.1296875 0.67109375 0.05859375 0.0734375
1 0.08671875 0.7078125 0.05234375 0.0390625
1 0.125 0.740625 0.0546875 0.0734375
1 0.18125 0.71484375 0.05703125 0.06640625
1 0.140625 0.8015625 0.05546875 0.06640625
1 0.209375 0.76328125 0.06796875 0.07421875
1 0.23359375 0.575 0.0609375 0.0703125
1 0.27109375 0.5625 0.05703125 0.06484375
1 0.3078125 0.5890625 0.05390625 0.06171875
1 0.28984375 0.7203125 0.06015625 0.0859375
1 0.35625 0.72265625 0.06171875 0.0765625
1 0.4484375 0.49453125 0.0640625 0.0609375
1 0.42109375 0.61015625 0.0421875 0.0734375
1 0.41171875 0.6625 0.03828125 0.0703125
1 0.415625 0.70078125 0.04296875 0.04921875
1 0.45 0.66015625 0.04140625 0.05390625
1 0.48359375 0.66015625 0.06171875 0.06015625
1 0.53203125 0.6046875 0.06484375 0.06171875
1 0.56015625 0.55234375 0.04296875 0.05546875
1 0.625 0.55859375 0.046875 0.0640625
1 0.50859375 0.4734375 0.05078125 0.0546875
1 0.38515625 0.61484375 0.03515625 0.0359375
1 0.24921875 0.64375 0.0296875 0.03828125