14 0.26328125 0.15703125 0.221875 0.06171875
14 0.65078125 0.2078125 0.221875 0.10625
14 0.75078125 0.58125 0.2234375 0.04921875
14 0.51640625 0.61171875 0.24140625 0.04453125
14 0.871875 0.4046875 0.2484375 0.09375
14 0.7796875 0.34921875 0.29375 0.0734375
14 0.6 0.7296875 0.1234375 0.1890625
14 0.36640625 0.25859375 0.2875 0.08046875
14 0.40390625 0.89453125 0.22421875 0.06484375
14 0.92421875 0.8328125 0.121875 0.16328125
14 0.3515625 0.70234375 0.1296875 0.20390625
14 0.390625 0.34609375 0.2125 0.0546875
14 0.5128205125 0.4521636046875 0.239867659375 0.5347688921875 0.28949545 0.5767715796874999 0.5607940453125 0.4745650390625 0.5128205125 0.4521636046875
14 0.172870140625 0.8311211921874999 0.015715467187500002 0.789118503125 0.0049627796875 0.83672155 0.144747725 0.871723790625 0.172870140625 0.8311211921874999
14 0.3085194375 0.7741842140624999 0.1000827125 0.8684569140624999 0.1679073609375 0.8997255828125 0.3358147234375 0.824587440625 0.3085194375 0.7741842140624999
14 0.153846153125 0.9379946984374999 0.0694789078125 0.9127930859375001 0.033912325 0.90999290625 0.007444168750000001 0.9379946984374999 0.1306865171875 0.99586506875 0.2092638546875 0.9944649796875 0.153846153125 0.9379946984374999
14 0.8544251453125 0.8222539578125 0.8312655078125 0.8077863656250001 0.838709678125 0.7928520765625 0.8875103390625 0.75598305 0.8676592218750001 0.74338224375 0.827129859375 0.754582959375 0.7849462375 0.7886518062500001 0.7493796515625 0.81058654375 0.6352357328125 0.9001922796875 0.715467328125 0.9230604093749999 0.7998345734375001 0.86285655625 0.8544251453125 0.8222539578125
14 0.7717121578125 0.36442465625 0.7402812234375 0.3630245671875 0.66501240625 0.3746919796875 0.5326716296875 0.402693771875 0.578163771875 0.4376960125 0.7320099250000001 0.402693771875 0.7758478078125 0.37982564218750003 0.7717121578125 0.36442465625
14 0.551695615625 0.1786794359375 0.5285359796875 0.1814796140625 0.52026468125 0.3074876796875 0.574028121875 0.312621340625 0.585607940625 0.20014747656249998 0.551695615625 0.1786794359375
14 0.7138130687500001 0.1908135453125 0.736145575 0.1782127390625 0.71050455 0.13901022968750001 0.633581471875 0.0755395015625 0.6013234078125 0.10400799062499999 0.6426799 0.16187836093750002 0.678246484375 0.18801336562499998 0.7138130687500001 0.1908135453125
14 0.09925558281249999 0.4395627984375 0.128205128125 0.4073607375 0.1000827125 0.395693325 0.072787428125 0.403627165625 0.004135649999999999 0.46663119843749995 0.005789909375 0.48949932812499997 0.0769230765625 0.467564590625 0.09925558281249999 0.4395627984375
14 0.2886683203125 0.475965128125 0.318444996875 0.4446964609375 0.3655913984375 0.40129368281250005 0.36724565781249996 0.381692428125 0.3449131515625 0.38122573125 0.3060380484375 0.390092965625 0.3151364765625 0.3891595734375 0.199338296875 0.4792320046875 0.2001654265625 0.5002333484375 0.2514474765625 0.4997666515625 0.2886683203125 0.475965128125
14 0.3035566578125 0.741982153125 0.3209263859375 0.725181078125 0.269644334375 0.636042040625 0.22167080156250002 0.614574 0.172870140625 0.6155073921875001 0.20512820468749998 0.6598435640625 0.2481389578125 0.7158471468750001 0.3035566578125 0.741982153125
14 0.6980976015625 0.6850451765625001 0.8296112499999999 0.7153804515625 0.9164598843749999 0.733581615625 0.9230769234375 0.7191140234375 0.8759305203125001 0.67757803125 0.741108353125 0.638375521875 0.689826303125 0.630908378125 0.6625310171875001 0.6491095437500001 0.6980976015625 0.6850451765625001
14 0.9809760125 0.7359150984375 0.9859387921874999 0.7125802718750001 0.9685690656249999 0.6761779421874999 0.9379652609375 0.656109990625 0.89909015625 0.638375521875 0.855252275 0.6491095437500001 0.8800661703125 0.6850451765625001 0.9511993390625 0.7401153671875 0.9809760125 0.7359150984375
14 0.068651778125 0.6766446390625 0.095119934375 0.682244996875 0.11910670000000001 0.6836450875 0.13730355625 0.6514430250000001 0.1364764265625 0.614574 0.11248966093749999 0.597306228125 0.057071959375 0.5926392625 0.016542596875000003 0.6715109765625 0.0016542593750000002 0.7457157249999999 0.0289495453125 0.742915546875 0.068651778125 0.6766446390625