14 0.4953125 0.39609375 0.1875 0.1140625
14 0.4046875 0.4890625 0.1640625 0.11875
14 0.63984375 0.528125 0.12890625 0.20625
14 0.2921875 0.49453125 0.16171875 0.13203125
14 0.21640625 0.42734375 0.1734375 0.059375
14 0.315625 0.3328125 0.13359375 0.13828125
14 0.5171875 0.1515625 0.18671875 0.08828125
14 0.71875 0.16796875 0.1734375 0.10859375
14 0.90078125 0.44453125 0.19453125 0.10859375
14 0.7921875 0.59921875 0.1875 0.11171875
14 0.903125 0.6765625 0.18203125 0.10078125
14 0.52734375 0.66953125 0.19609375 0.07890625
14 0.50546875 0.59140625 0.18203125 0.08203125
14 0.55390625 0.5125 0.0515625 0.134375
14 0.30625 0.61484375 0.203125 0.08984375
14 0.20859375 0.328125 0.05546875 0.16015625
14 0.56484375 0.234375 0.20546875 0.07265625
14 0.43515625 0.315625 0.096875 0.09453125
14 0.84453125 0.1375 0.1671875 0.09296875
14 0.36484375 0.72109375 0.16015625 0.1359375
14 0.07734375 0.69921875 0.14375 0.08671875
14 0.0703125 0.79921875 0.13359375 0.084375
14 0.596875 0.875 0.19921875 0.12109375
14 0.921875 0.7921875 0.15546875 0.11953125
14 0.2632485171875 0.6701168265625 0.10814725781250001 0.597356015625 0.09721500937500001 0.6455216234375001 0.24070075625 0.7357040375 0.2632485171875 0.6977864312500001 0.2632485171875 0.6701168265625