14 0.29453125 0.4265625 0.14609375 0.165625
14 0.6984375 0.33046875 0.1359375 0.14296875
14 0.79296875 0.246875 0.22578125 0.1109375
14 0.7515625 0.62890625 0.16171875 0.115625
14 0.53359375 0.81328125 0.25 0.13125
14 0.18984375 0.60546875 0.1875 0.15234375
14 0.34140625 0.23359375 0.215625 0.14296875
14 0.253125 0.7984375 0.171875 0.1171875
14 0.571875 0.6234375 0.30546875 0.134375
14 0.90390625 0.77734375 0.1421875 0.14921875
14 0.47734375 0.39921875 0.20234375 0.10234375
14 0.61875 0.52578125 0.278125 0.05234375
14 0.8125 0.91640625 0.153125 0.08359375