9 0.20625 0.23359375 0.078125 0.05078125
9 0.15234375 0.2875 0.07109375 0.04921875
9 0.21640625 0.33203125 0.07578125 0.05234375
9 0.28515625 0.35234375 0.08203125 0.0390625
9 0.3828125 0.434375 0.06953125 0.06484375
9 0.4875 0.5375 0.08359375 0.06875
9 0.559375 0.61796875 0.0625 0.08359375
9 0.54921875 0.29453125 0.0734375 0.0859375
9 0.60234375 0.2453125 0.04921875 0.06875
9 0.65 0.25859375 0.06484375 0.08515625
9 0.81328125 0.23671875 0.06796875 0.0546875
9 0.8640625 0.2296875 0.04609375 0.0734375
9 0.73515625 0.31796875 0.0578125 0.0546875
9 0.621875 0.34375 0.0515625 0.04765625
9 0.65234375 0.33984375 0.05546875 0.04140625
9 0.67421875 0.3484375 0.0484375 0.0625
9 0.72109375 0.37734375 0.05625 0.07578125
9 0.6390625 0.41796875 0.059375 0.05234375
9 0.73046875 0.42890625 0.06875 0.04609375
9 0.69296875 0.43828125 0.07578125 0.05859375
9 0.721875 0.47578125 0.065625 0.0546875
9 0.81796875 0.59296875 0.05625 0.08515625
9 0.853125 0.521875 0.05234375 0.07578125
9 0.8625 0.46953125 0.0484375 0.065625
9 0.92421875 0.43046875 0.05390625 0.07265625
9 0.93203125 0.48828125 0.0390625 0.06796875
9 0.9640625 0.51484375 0.0484375 0.08046875
9 0.90234375 0.521875 0.059375 0.05625
9 0.89921875 0.59375 0.06328125 0.06796875
9 0.9125 0.659375 0.08359375 0.06796875