8 0.4765625 0.30390625 0.07265625 0.10078125
8 0.784375 0.24609375 0.084375 0.1203125
8 0.82734375 0.31640625 0.08359375 0.078125
8 0.8890625 0.31171875 0.06875 0.0734375
8 0.8671875 0.44296875 0.071875 0.065625
8 0.83515625 0.51328125 0.05546875 0.09140625
8 0.78671875 0.5359375 0.059375 0.09765625
8 0.72734375 0.8421875 0.08359375 0.15625
8 0.8859375 0.7125 0.084375 0.11875
8 0.93515625 0.825 0.090625 0.09140625
8 0.2234375 0.76015625 0.06015625 0.11953125
8 0.1765625 0.6203125 0.08984375 0.14921875
8 0.0671875 0.61171875 0.11328125 0.13359375
8 0.1046875 0.4109375 0.1015625 0.1171875
8 0.27109375 0.29375 0.09375 0.1015625
8 0.26953125 0.9046875 0.06796875 0.15625
8 0.4203125 0.6109375 0.1265625 0.1078125
8 0.43125 0.48125 0.09140625 0.11328125
8 0.50625 0.18828125 0.084375 0.10546875
8 0.559375 0.14140625 0.078125 0.1078125
8 0.64375 0.2703125 0.059375 0.11171875
8 0.96015625 0.06328125 0.075 0.078125
8 0.20703125 0.2046875 0.10078125 0.0703125
8 0.1359375 0.2625 0.0921875 0.09375