8 0.51875 0.31171875 0.04765625 0.08203125
8 0.521875 0.24296875 0.05703125 0.09609375
8 0.465625 0.12265625 0.0625 0.0859375
8 0.63984375 0.053125 0.0625 0.08203125
8 0.7203125 0.0359375 0.04609375 0.06953125
8 0.68125 0.3046875 0.0890625 0.09765625
8 0.60390625 0.28203125 0.0609375 0.09140625
8 0.565625 0.33515625 0.04609375 0.0734375
8 0.53359375 0.38828125 0.0640625 0.08984375
8 0.46953125 0.371875 0.06328125 0.0796875
8 0.39140625 0.31953125 0.1 0.09140625
8 0.22421875 0.353125 0.084375 0.06953125
8 0.23125 0.44375 0.0390625 0.06796875
8 0.1984375 0.50078125 0.04921875 0.08203125
8 0.103125 0.6203125 0.03671875 0.08515625
8 0.0921875 0.51015625 0.05234375 0.09453125
8 0.12109375 0.33671875 0.06484375 0.1171875
8 0.059375 0.7 0.03515625 0.14140625
8 0.103125 0.7109375 0.03984375 0.103125
8 0.1546875 0.75625 0.0515625 0.0921875
8 0.2203125 0.81015625 0.046875 0.1109375
8 0.246875 0.73671875 0.06015625 0.046875
8 0.325 0.81875 0.059375 0.08203125
8 0.3734375 0.80234375 0.05390625 0.10234375
8 0.37890625 0.88984375 0.065625 0.07265625
8 0.39296875 0.6328125 0.0625 0.0796875
8 0.45 0.60625 0.0609375 0.08203125
8 0.4796875 0.690625 0.0546875 0.10625
8 0.528125 0.59375 0.03828125 0.09921875
8 0.53515625 0.5078125 0.04296875 0.0765625
8 0.57734375 0.51953125 0.04921875 0.1109375
8 0.596875 0.64296875 0.05390625 0.11171875
8 0.590625 0.81171875 0.0671875 0.0796875
8 0.62265625 0.51953125 0.06640625 0.08828125
8 0.6109375 0.40234375 0.046875 0.0828125
8 0.6375 0.4390625 0.040625 0.0953125
8 0.6546875 0.59140625 0.0765625 0.078125
8 0.66875 0.64921875 0.06015625 0.08671875
8 0.68515625 0.7375 0.0640625 0.078125
8 0.69296875 0.815625 0.05546875 0.08828125
8 0.74375 0.96328125 0.06953125 0.071875
8 0.8734375 0.38046875 0.0671875 0.12890625
8 0.93515625 0.3546875 0.06875 0.078125
8 0.97890625 0.6203125 0.040625 0.11171875