9 0.240625 0.48515625 0.0625 0.103125
9 0.225 0.55859375 0.07734375 0.1171875
9 0.29453125 0.6 0.05078125 0.0921875
9 0.3234375 0.5453125 0.04453125 0.0703125
9 0.415625 0.52109375 0.078125 0.0734375
9 0.4796875 0.5171875 0.07421875 0.10234375
9 0.43828125 0.4265625 0.08359375 0.090625
9 0.38203125 0.2328125 0.06796875 0.0765625
9 0.6109375 0.1203125 0.0515625 0.090625
9 0.57421875 0.2109375 0.05546875 0.071875
9 0.603125 0.271875 0.0578125 0.0671875
9 0.6953125 0.3625 0.0484375 0.0703125
9 0.684375 0.44140625 0.0546875 0.0953125
9 0.67109375 0.51171875 0.0734375 0.06015625
9 0.66875 0.5515625 0.053125 0.05234375
9 0.6765625 0.62890625 0.053125 0.08984375
9 0.71328125 0.665625 0.071875 0.06953125
9 0.74921875 0.696875 0.0453125 0.0765625
9 0.7140625 0.7296875 0.05703125 0.05859375
9 0.7390625 0.83125 0.0671875 0.0828125
9 0.871875 0.8734375 0.04140625 0.05390625