8 0.0921875 0.05546875 0.071875 0.0984375
8 0.13515625 0.1015625 0.071875 0.0703125
8 0.13125 0.16953125 0.07265625 0.0890625
8 0.1171875 0.25703125 0.05078125 0.08828125
8 0.1734375 0.27890625 0.06328125 0.07421875
8 0.27578125 0.28828125 0.065625 0.065625
8 0.25 0.31640625 0.09609375 0.07421875
8 0.19453125 0.37421875 0.1109375 0.06328125
8 0.1171875 0.409375 0.090625 0.08671875
8 0.28046875 0.6890625 0.0875 0.1328125
8 0.3625 0.54296875 0.065625 0.0875
8 0.33203125 0.52578125 0.0578125 0.0875
8 0.375 0.44375 0.08125 0.090625
8 0.48828125 0.14453125 0.075 0.1046875
8 0.56484375 0.26171875 0.0484375 0.09609375
8 0.9484375 0.05234375 0.07265625 0.084375
8 0.4671875 0.74296875 0.08671875 0.09453125
8 0.73359375 0.52578125 0.034375 0.0890625
8 0.68359375 0.5375 0.053125 0.065625
8 0.7921875 0.615625 0.1 0.0796875
8 0.728125 0.7359375 0.0765625 0.05859375