9 0.1984375 0.28671875 0.1140625 0.07890625
9 0.23671875 0.2078125 0.0734375 0.06015625
9 0.60625 0.240625 0.0578125 0.046875
9 0.5578125 0.2828125 0.071875 0.04375
9 0.66796875 0.2875 0.08671875 0.0484375
9 0.9203125 0.3609375 0.09140625 0.0609375
9 0.525 0.484375 0.1125 0.04765625
9 0.2328125 0.45546875 0.0703125 0.04296875
9 0.3296875 0.54609375 0.0546875 0.0484375
9 0.26796875 0.56171875 0.1109375 0.06796875
9 0.38984375 0.6953125 0.0765625 0.04609375
9 0.40859375 0.7453125 0.09609375 0.03984375
9 0.5265625 0.82578125 0.0703125 0.0578125