9 0.47265625 0.628125 0.05 0.06171875
9 0.521875 0.63125 0.05390625 0.065625
9 0.625 0.6109375 0.05625 0.0546875
9 0.54453125 0.759375 0.06875 0.04765625
9 0.5328125 0.69375 0.06484375 0.0515625
9 0.6140625 0.6609375 0.07578125 0.0578125
9 0.6953125 0.646875 0.090625 0.05390625
9 0.68203125 0.6078125 0.0609375 0.04453125
9 0.428125 0.2921875 0.09453125 0.065625
9 0.3734375 0.21875 0.06875 0.0640625
9 0.31796875 0.2140625 0.05234375 0.0453125
9 0.28671875 0.24296875 0.078125 0.05078125
9 0.2390625 0.24140625 0.06171875 0.03515625
9 0.28046875 0.284375 0.07421875 0.04453125
9 0.21796875 0.2828125 0.0515625 0.071875
9 0.15546875 0.28828125 0.10546875 0.07109375
9 0.21328125 0.2 0.09296875 0.040625