9 0.6734375 0.50546875 0.03828125 0.040625
9 0.6 0.49140625 0.03984375 0.0359375
9 0.63828125 0.50703125 0.03359375 0.04453125
9 0.68359375 0.31015625 0.0734375 0.0328125
9 0.475 0.22578125 0.0515625 0.0359375
9 0.19296875 0.1953125 0.0640625 0.04375
9 0.13046875 0.234375 0.04609375 0.03984375
9 0.29765625 0.259375 0.0546875 0.03984375
9 0.20234375 0.2796875 0.0765625 0.046875
9 0.65859375 0.14921875 0.05 0.03359375
9 0.81796875 0.24453125 0.0515625 0.034375
9 0.9765625 0.44375 0.04296875 0.040625
9 0.23046875 0.53671875 0.04140625 0.04609375
9 0.26875 0.53828125 0.04609375 0.02734375
9 0.37421875 0.58203125 0.04609375 0.040625
9 0.41171875 0.5734375 0.03515625 0.0296875
9 0.56796875 0.58046875 0.0671875 0.03984375
9 0.390625 0.32421875 0.053125 0.0484375