12 0.53828125 0.425 0.10703125 0.0796875
12 0.67890625 0.57890625 0.08046875 0.09375
12 0.875 0.178125 0.09453125 0.11328125
12 0.6390625 0.109375 0.10078125 0.071875
12 0.44140625 0.0796875 0.1109375 0.103125
12 0.175 0.453125 0.115625 0.11953125
12 0.07109375 0.35390625 0.0796875 0.10703125
10 0.31640625 0.08828125 0.0703125 0.1609375
10 0.4421875 0.4375 0.10078125 0.15078125
10 0.4890625 0.20390625 0.1109375 0.1171875
10 0.7 0.3140625 0.1015625 0.13046875
10 0.709375 0.43203125 0.11875 0.14140625
10 0.82109375 0.5203125 0.13046875 0.09375
10 0.8 0.259375 0.115625 0.09921875
10 0.93203125 0.2515625 0.08359375 0.20078125
10 0.65546875 0.73203125 0.115625 0.12890625
10 0.57578125 0.66015625 0.0734375 0.18203125
10 0.38203125 0.5671875 0.09140625 0.103125
10 0.55 0.8078125 0.1109375 0.146875
10 0.86328125 0.865625 0.15703125 0.125
10 0.21875 0.72109375 0.14453125 0.12734375
10 0.18671875 0.6484375 0.09375 0.178125
10 0.10234375 0.7734375 0.1140625 0.13671875
10 0.0953125 0.49453125 0.075 0.14921875
10 0.3015625 0.8515625 0.08828125 0.13671875