11 0.46640625 0.44921875 0.4421875 0.61640625
12 0.34765625 0.48046875 0.0109375 0.03125
12 0.37578125 0.446875 0.015625 0.03671875
12 0.61015625 0.4046875 0.0171875 0.0234375
12 0.58203125 0.41015625 0.0171875 0.028125
12 0.59375 0.41640625 0.0171875 0.01796875
12 0.59296875 0.42890625 0.0203125 0.01484375
12 0.67734375 0.45390625 0.01328125 0.02578125
12 0.678125 0.4765625 0.015625 0.021875
12 0.3734375 0.24375 0.0171875 0.015625
12 0.34375 0.153125 0.0171875 0.021875
12 0.353125 0.1734375 0.02265625 0.03046875
12 0.3140625 0.33046875 0.01796875 0.01953125
12 0.3546875 0.28359375 0.01484375 0.021875
12 0.38359375 0.284375 0.0125 0.02890625
12 0.37421875 0.31171875 0.01953125 0.02578125