11 0.66015625 0.4671875 0.4265625 0.51875
12 0.51015625 0.5546875 0.01171875 0.03671875
12 0.47734375 0.68984375 0.0203125 0.01796875
12 0.55 0.64296875 0.01640625 0.025
12 0.6265625 0.52109375 0.01640625 0.028125
12 0.625 0.69453125 0.02109375 0.03203125
12 0.56484375 0.34296875 0.0125 0.03203125
12 0.7140625 0.52734375 0.0125 0.025
12 0.784375 0.6578125 0.01328125 0.03671875
12 0.82265625 0.6828125 0.0234375 0.02421875
12 0.7109375 0.2984375 0.0078125 0.034375
12 0.73984375 0.278125 0.021875 0.021875
12 0.8359375 0.40390625 0.0234375 0.03046875
12 0.759375 0.44375 0.01953125 0.02578125
12 0.728125 0.3765625 0.015625 0.0203125