11 0.53359375 0.4578125 0.82734375 0.6828125
12 0.1859375 0.184375 0.03359375 0.0546875
12 0.30390625 0.2203125 0.0484375 0.05625
12 0.334375 0.15703125 0.04375 0.0515625
12 0.54765625 0.26015625 0.03125 0.059375
12 0.58828125 0.33125 0.04609375 0.0703125
12 0.5234375 0.42265625 0.06484375 0.04609375
12 0.40078125 0.40390625 0.0640625 0.06796875
12 0.3796875 0.459375 0.0390625 0.0875
10 0.42734375 0.3078125 0.0828125 0.065625
10 0.5875 0.528125 0.04375 0.09140625
12 0.67578125 0.54140625 0.03359375 0.06796875
10 0.30234375 0.52109375 0.06484375 0.06953125
10 0.42265625 0.6984375 0.10859375 0.0578125