12 0.6984375 0.13828125 0.04921875 0.0546875
12 0.7296875 0.16171875 0.046875 0.071875
12 0.94375 0.10859375 0.0625 0.03125
12 0.79140625 0.25078125 0.03828125 0.05
12 0.759375 0.275 0.0359375 0.04609375
12 0.77734375 0.35078125 0.04375 0.028125
12 0.740625 0.43984375 0.0328125 0.0609375
12 0.784375 0.37421875 0.0609375 0.02578125
12 0.80625 0.4296875 0.040625 0.0328125
12 0.5359375 0.40078125 0.0609375 0.03828125
12 0.603125 0.69375 0.0375 0.05390625
12 0.628125 0.746875 0.04375 0.04921875
12 0.55390625 0.70234375 0.0421875 0.07109375
12 0.4578125 0.79453125 0.04921875 0.0578125
12 0.3359375 0.6078125 0.03203125 0.04765625
12 0.2078125 0.96171875 0.0390625 0.05390625
12 0.08828125 0.9625 0.053125 0.0421875
12 0.27578125 0.909375 0.06015625 0.025