11 0.4625 0.52890625 0.72890625 0.6421875
12 0.74296875 0.28515625 0.06875 0.0328125
12 0.60234375 0.4859375 0.04609375 0.06484375
12 0.5671875 0.4890625 0.05625 0.04453125
12 0.6203125 0.5421875 0.08203125 0.0265625
12 0.57890625 0.571875 0.06484375 0.04296875
12 0.503125 0.59375 0.05859375 0.046875
12 0.453125 0.55859375 0.06328125 0.03125
12 0.453125 0.5984375 0.03359375 0.05234375
12 0.66015625 0.6484375 0.0609375 0.02578125
12 0.2234375 0.34609375 0.05859375 0.04375
12 0.16953125 0.36875 0.07109375 0.040625
12 0.3015625 0.37421875 0.02421875 0.05859375
12 0.3484375 0.29140625 0.0578125 0.01953125
12 0.475 0.42734375 0.0703125 0.0453125