10 0.16015625 0.25078125 0.06796875 0.06171875
12 0.04453125 0.18359375 0.07578125 0.04765625
12 0.24609375 0.16640625 0.05 0.04921875
12 0.32578125 0.26015625 0.0578125 0.0609375
12 0.4328125 0.02578125 0.05546875 0.04765625
12 0.08046875 0.38046875 0.05625 0.0484375
12 0.02109375 0.33359375 0.03828125 0.09609375
10 0.19296875 0.17265625 0.06484375 0.07890625
10 0.340625 0.17265625 0.06328125 0.08046875
10 0.40625 0.22109375 0.07578125 0.06640625
10 0.3921875 0.06328125 0.0640625 0.05
10 0.46640625 0.0625 0.05390625 0.10390625
10 0.34140625 0.0953125 0.06015625 0.08515625
10 0.253125 0.07421875 0.05234375 0.0828125
10 0.2984375 0.06171875 0.05078125 0.09609375
10 0.26171875 0.31015625 0.0484375 0.109375
10 0.31484375 0.35078125 0.065625 0.071875
10 0.340625 0.396875 0.0671875 0.0609375
10 0.4265625 0.43515625 0.0765625 0.059375
10 0.25703125 0.39921875 0.06953125 0.078125
10 0.3171875 0.4484375 0.06015625 0.0515625
10 0.1171875 0.42890625 0.0546875 0.06953125
10 0.09375 0.403125 0.05625 0.05546875
10 0.05625 0.3 0.04921875 0.10390625
10 0.0703125 0.346875 0.0640625 0.06796875
10 0.03046875 0.2546875 0.02890625 0.09609375