11 0.5078125 0.41328125 0.48203125 0.67265625
10 0.30703125 0.1390625 0.01640625 0.0328125
10 0.4578125 0.12734375 0.0203125 0.02890625
10 0.49921875 0.1671875 0.02265625 0.028125
10 0.5015625 0.21640625 0.01953125 0.0171875
10 0.5359375 0.221875 0.02421875 0.02734375
10 0.37421875 0.29296875 0.03125 0.02109375
10 0.3734375 0.34296875 0.02109375 0.0203125
10 0.43828125 0.31015625 0.02265625 0.04609375
10 0.47890625 0.31953125 0.01640625 0.03046875
10 0.45625 0.35390625 0.03359375 0.0203125
10 0.38203125 0.3734375 0.02890625 0.0234375
10 0.45 0.3921875 0.0234375 0.02109375
10 0.390625 0.4359375 0.0171875 0.028125
10 0.34921875 0.4765625 0.01953125 0.0203125
10 0.4140625 0.490625 0.01484375 0.03046875
10 0.47890625 0.4328125 0.028125 0.02109375
10 0.478125 0.40625 0.0203125 0.0265625
10 0.58125 0.40625 0.02421875 0.025
10 0.6203125 0.50859375 0.0234375 0.03984375
10 0.6328125 0.5203125 0.0171875 0.02890625
10 0.64453125 0.59140625 0.01875 0.04140625
10 0.61953125 0.6734375 0.0203125 0.040625
10 0.73515625 0.53203125 0.01953125 0.03203125
10 0.71015625 0.62265625 0.0171875 0.03203125
10 0.70078125 0.63984375 0.021875 0.02109375
10 0.69140625 0.68828125 0.0234375 0.0453125
10 0.084375 0.121875 0.021875 0.0296875