11 0.5046875 0.4875 0.92109375 0.78984375
12 0.746875 0.24140625 0.04609375 0.04765625
12 0.76328125 0.28046875 0.046875 0.06171875
12 0.6390625 0.421875 0.02578125 0.03125
12 0.559375 0.425 0.05078125 0.03515625
12 0.7796875 0.38984375 0.028125 0.06328125
12 0.7515625 0.39453125 0.0328125 0.05703125
12 0.74375 0.46796875 0.034375 0.0390625
12 0.73828125 0.4984375 0.04921875 0.040625
12 0.68671875 0.52734375 0.02109375 0.0640625
12 0.740625 0.55390625 0.03671875 0.03203125
12 0.925 0.315625 0.040625 0.03359375
10 0.91953125 0.5359375 0.06171875 0.0390625
12 0.9625 0.48984375 0.0203125 0.03671875
12 0.48125 0.6984375 0.0359375 0.06484375
12 0.51875 0.7140625 0.034375 0.034375
12 0.521875 0.76640625 0.02734375 0.0390625
12 0.38671875 0.74453125 0.02421875 0.0765625
12 0.35703125 0.52421875 0.02734375 0.03984375
12 0.225 0.7796875 0.04375 0.0453125
12 0.08125 0.75234375 0.04375 0.0328125
12 0.16640625 0.7953125 0.04921875 0.03984375