12 0.55390625 0.51796875 0.08125 0.05703125
12 0.4578125 0.52421875 0.05859375 0.12421875
12 0.41484375 0.85078125 0.0765625 0.07265625
12 0.6140625 0.6421875 0.0890625 0.0625
12 0.6015625 0.58828125 0.07109375 0.05625
12 0.63203125 0.7359375 0.06953125 0.0703125
12 0.5015625 0.29453125 0.03984375 0.11953125
12 0.4296875 0.21640625 0.075 0.06328125
12 0.69375 0.1796875 0.07109375 0.08984375
12 0.2625 0.3375 0.07109375 0.12421875
12 0.2140625 0.44296875 0.04453125 0.10546875
12 0.6953125 0.5 0.04453125 0.1203125
12 0.7015625 0.6859375 0.09140625 0.07734375
12 0.459375 0.696875 0.059375 0.10625
12 0.38984375 0.51875 0.0375 0.07890625
12 0.34765625 0.49609375 0.07578125 0.06015625
12 0.40390625 0.75703125 0.053125 0.09140625
10 0.85234375 0.8046875 0.0890625 0.1546875