12 0.53515625 0.2734375 0.040625 0.053125
12 0.68984375 0.08125 0.040625 0.046875
12 0.7109375 0.18984375 0.0546875 0.059375
12 0.5046875 0.31640625 0.05 0.04921875
12 0.36875 0.35703125 0.0765625 0.0359375
12 0.71171875 0.334375 0.0515625 0.0171875
12 0.5421875 0.55234375 0.05703125 0.0328125
12 0.58828125 0.47578125 0.0453125 0.06484375
12 0.6078125 0.5546875 0.05078125 0.05078125
12 0.59375 0.6515625 0.05078125 0.06484375
12 0.5453125 0.71640625 0.03515625 0.05859375
12 0.62734375 0.7484375 0.034375 0.04921875
12 0.65703125 0.7703125 0.04609375 0.05625
12 0.62109375 0.89609375 0.07109375 0.04453125
12 0.31796875 0.9140625 0.04296875 0.05234375