10 0.42421875 0.090625 0.1171875 0.0578125
10 0.3296875 0.0921875 0.103125 0.075
10 0.49296875 0.528125 0.1265625 0.0625
10 0.4671875 0.59296875 0.078125 0.1171875
10 0.38671875 0.56328125 0.0734375 0.1234375
10 0.26796875 0.6625 0.0546875 0.1171875
12 0.334375 0.890625 0.08203125 0.0625
12 0.24453125 0.91875 0.02265625 0.0453125
12 0.21171875 0.940625 0.05234375 0.028125
12 0.26953125 0.86484375 0.0296875 0.06796875
12 0.45390625 0.665625 0.08828125 0.0703125
12 0.49609375 0.74140625 0.05625 0.04453125
12 0.37734375 0.95078125 0.040625 0.03203125
12 0.39453125 0.98125 0.04140625 0.02734375
12 0.640625 0.47265625 0.0484375 0.0921875
12 0.67578125 0.4796875 0.03984375 0.06015625
12 0.553125 0.4359375 0.05078125 0.103125
12 0.64609375 0.37890625 0.0875 0.04921875
12 0.6125 0.421875 0.06328125 0.03203125
12 0.66015625 0.3421875 0.06640625 0.04921875
12 0.69140625 0.40390625 0.0609375 0.0734375
12 0.68125 0.5828125 0.01796875 0.0515625
12 0.17734375 0.6546875 0.06328125 0.06484375
12 0.1203125 0.6921875 0.05 0.09296875
12 0.09921875 0.66796875 0.05703125 0.0390625