10 0.365625 0.24375 0.0265625 0.0453125
10 0.38046875 0.290625 0.0234375 0.03515625
10 0.44609375 0.29296875 0.0359375 0.03515625
10 0.42265625 0.403125 0.0296875 0.02734375
10 0.4578125 0.42109375 0.0171875 0.05234375
10 0.45625 0.5203125 0.02734375 0.03828125
10 0.47890625 0.603125 0.021875 0.0484375
10 0.44453125 0.60625 0.02421875 0.03359375
10 0.5171875 0.58671875 0.03359375 0.03203125
10 0.478125 0.5578125 0.025 0.03046875
10 0.540625 0.6390625 0.0328125 0.03359375
10 0.5609375 0.67265625 0.028125 0.04921875
10 0.52109375 0.66875 0.03125 0.03515625
10 0.54375 0.71796875 0.034375 0.03046875
10 0.540625 0.76953125 0.03046875 0.0421875
10 0.5234375 0.78828125 0.0296875 0.03984375
10 0.546875 0.37890625 0.02578125 0.0625
10 0.64140625 0.22265625 0.0265625 0.03828125
10 0.61796875 0.33359375 0.0296875 0.0453125
10 0.59375 0.36953125 0.03203125 0.03125
10 0.6421875 0.365625 0.0265625 0.0421875
10 0.6578125 0.4171875 0.02265625 0.05546875
10 0.60546875 0.49140625 0.02890625 0.03359375
10 0.6625 0.4671875 0.0328125 0.04375
10 0.68984375 0.43984375 0.02578125 0.05078125
10 0.70078125 0.47421875 0.03046875 0.0390625
10 0.67578125 0.5484375 0.0328125 0.0484375
10 0.6875 0.5875 0.03828125 0.03515625
10 0.7015625 0.7109375 0.0328125 0.05
10 0.73203125 0.88515625 0.03046875 0.0609375
10 0.71171875 0.1640625 0.03125 0.0390625
10 0.79453125 0.36953125 0.0296875 0.08359375
10 0.8515625 0.48203125 0.02734375 0.053125