12 0.30234375 0.42734375 0.07734375 0.12109375
11 0.46015625 0.4703125 0.659375 0.86796875
12 0.19921875 0.22265625 0.1046875 0.06875
12 0.45 0.35546875 0.084375 0.09296875
12 0.53828125 0.303125 0.065625 0.09296875
12 0.5375 0.415625 0.0953125 0.09921875
12 0.63359375 0.44453125 0.09140625 0.08515625
12 0.53359375 0.49375 0.0609375 0.10703125
12 0.52578125 0.5515625 0.08046875 0.1109375
12 0.421875 0.50546875 0.053125 0.13046875
12 0.46015625 0.5421875 0.053125 0.13828125
12 0.54453125 0.6421875 0.05078125 0.1078125
12 0.47109375 0.74765625 0.09140625 0.065625
12 0.43828125 0.68046875 0.1015625 0.06171875
12 0.43984375 0.809375 0.0890625 0.0546875
12 0.1953125 0.6953125 0.0390625 0.11328125