12 0.23359375 0.4578125 0.025 0.03046875
12 0.2859375 0.5 0.01875 0.03515625
12 0.36484375 0.47890625 0.015625 0.03828125
12 0.321875 0.534375 0.028125 0.0296875
12 0.3 0.55859375 0.03125 0.03203125
12 0.35234375 0.590625 0.04453125 0.03046875
12 0.3875 0.56796875 0.02109375 0.0453125
12 0.41015625 0.51875 0.0265625 0.02265625
12 0.4484375 0.46328125 0.0265625 0.0203125
12 0.425 0.46640625 0.0234375 0.0234375
12 0.42109375 0.4828125 0.03125 0.025
12 0.43515625 0.50859375 0.021875 0.025
12 0.47734375 0.51328125 0.02734375 0.0265625
12 0.428125 0.54140625 0.03359375 0.0390625
12 0.421875 0.571875 0.0296875 0.03671875
12 0.4578125 0.58828125 0.0203125 0.0328125
12 0.4984375 0.53515625 0.02578125 0.021875
12 0.51171875 0.57734375 0.01796875 0.0234375
12 0.4953125 0.596875 0.03046875 0.04140625
12 0.7515625 0.528125 0.01484375 0.0390625
12 0.75859375 0.47109375 0.01328125 0.05078125
12 0.7171875 0.54140625 0.01796875 0.0390625