10 0.55859375 0.1890625 0.03828125 0.15
10 0.64453125 0.15078125 0.04765625 0.05859375
10 0.834375 0.14765625 0.03046875 0.1265625
10 0.075 0.896875 0.0234375 0.14921875
10 0.103125 0.77890625 0.04375 0.096875
10 0.134375 0.71796875 0.04296875 0.05859375
10 0.06953125 0.64453125 0.021875 0.13515625
10 0.096875 0.58515625 0.04296875 0.0625
10 0.17578125 0.58984375 0.0515625 0.04921875
10 0.21171875 0.83671875 0.0296875 0.16171875
10 0.2703125 0.853125 0.03828125 0.13828125
10 0.2765625 0.71796875 0.04609375 0.0734375
10 0.27890625 0.384375 0.059375 0.075
10 0.19140625 0.36328125 0.05 0.07578125
10 0.146875 0.30546875 0.04921875 0.0640625
10 0.10234375 0.36953125 0.04140625 0.11171875
10 0.06953125 0.43671875 0.05 0.08046875
10 0.0515625 0.23828125 0.05234375 0.05234375
10 0.096875 0.165625 0.0375 0.0953125
10 0.15234375 0.11484375 0.040625 0.05546875
10 0.128125 0.04296875 0.02890625 0.0859375
10 0.1609375 0.0453125 0.04296875 0.06953125
10 0.2078125 0.11875 0.0328125 0.07734375
10 0.246875 0.13046875 0.03515625 0.0734375
10 0.27734375 0.065625 0.04453125 0.0578125
10 0.2796875 0.1515625 0.053125 0.04296875
10 0.35234375 0.090625 0.04765625 0.046875
10 0.38515625 0.0578125 0.053125 0.0453125
10 0.35546875 0.1453125 0.05390625 0.05546875
10 0.434375 0.0765625 0.04921875 0.071875
10 0.375 0.38828125 0.01796875 0.13984375
10 0.41171875 0.21171875 0.02578125 0.12109375
10 0.49453125 0.41328125 0.03984375 0.08515625
10 0.6015625 0.259375 0.025 0.14140625
10 0.6734375 0.259375 0.02734375 0.13046875
10 0.6421875 0.29765625 0.03828125 0.065625
10 0.6234375 0.365625 0.05546875 0.0578125
10 0.61484375 0.3984375 0.0421875 0.065625
10 0.60703125 0.478125 0.0546875 0.06328125
10 0.58515625 0.68828125 0.03671875 0.11484375
10 0.509375 0.9671875 0.053125 0.06328125
10 0.66328125 0.62578125 0.03359375 0.10703125
10 0.75234375 0.2578125 0.05625 0.053125
10 0.83046875 0.25703125 0.04140625 0.06953125
10 0.85234375 0.28828125 0.0546875 0.071875
10 0.7125 0.35859375 0.0296875 0.1109375
10 0.71171875 0.44765625 0.04921875 0.065625
10 0.746875 0.48203125 0.02890625 0.1375
10 0.78203125 0.5390625 0.04765625 0.0828125
10 0.8109375 0.671875 0.06640625 0.084375
10 0.76328125 0.73828125 0.05859375 0.0734375
10 0.67109375 0.98046875 0.05234375 0.03671875