12 0.2953125 0.64609375 0.08046875 0.2609375
12 0.3640625 0.7296875 0.05703125 0.1890625
12 0.365625 0.86796875 0.08671875 0.13515625
12 0.221875 0.584375 0.0875 0.13046875
12 0.1046875 0.74296875 0.075 0.22890625
12 0.11953125 0.8921875 0.0953125 0.14140625
12 0.3578125 0.40703125 0.078125 0.15078125
12 0.40703125 0.3640625 0.06484375 0.1828125
12 0.43671875 0.23046875 0.0734375 0.14765625
12 0.3953125 0.55390625 0.06796875 0.18125
12 0.5515625 0.28359375 0.08984375 0.13671875
12 0.61171875 0.1375 0.05703125 0.2546875
12 0.69453125 0.1109375 0.05 0.221875
12 0.7921875 0.16328125 0.0640625 0.29453125
12 0.8140625 0.31796875 0.09765625 0.11953125
12 0.93984375 0.384375 0.06796875 0.259375
12 0.65234375 0.4203125 0.10703125 0.13046875
12 0.58515625 0.5234375 0.0765625 0.13203125
12 0.69296875 0.35390625 0.06875 0.12109375
12 0.6046875 0.59296875 0.0640625 0.15078125
12 0.58515625 0.7203125 0.0890625 0.20546875
12 0.63984375 0.79921875 0.03203125 0.190625
12 0.58828125 0.9203125 0.06875 0.13203125
12 0.69140625 0.86875 0.046875 0.15234375
12 0.71015625 0.64453125 0.07734375 0.171875
12 0.771875 0.73828125 0.06015625 0.18125
12 0.803125 0.853125 0.04453125 0.22578125
12 0.70390625 0.90703125 0.0515625 0.18046875
12 0.965625 0.7078125 0.0578125 0.24296875