10 0.53125 0.36875 0.01171875 0.01640625
10 0.56328125 0.33359375 0.01328125 0.0171875
10 0.50078125 0.43671875 0.01328125 0.0171875
12 0.31328125 0.27265625 0.0171875 0.02109375
12 0.5796875 0.25078125 0.015625 0.02265625
12 0.584375 0.296875 0.015625 0.02265625
12 0.51328125 0.4109375 0.021875 0.01875
12 0.67421875 0.415625 0.01328125 0.02421875
12 0.74296875 0.3359375 0.01171875 0.01796875
12 0.7609375 0.3359375 0.01171875 0.02265625
12 0.4140625 0.553125 0.01484375 0.00625
12 0.534375 0.67890625 0.01484375 0.01953125
12 0.6765625 0.68359375 0.015625 0.01484375
12 0.6421875 0.81640625 0.01484375 0.01484375
12 0.5796875 0.25078125 0.0140625 0.01953125