12 0.440625 0.5109375 0.05859375 0.07109375
12 0.39375 0.66640625 0.05546875 0.0609375
12 0.41328125 0.7125 0.0875 0.034375
12 0.43203125 0.74375 0.09921875 0.02734375
12 0.30078125 0.7328125 0.084375 0.04765625
12 0.23046875 0.7078125 0.059375 0.0453125
12 0.1203125 0.75546875 0.09765625 0.05078125
12 0.18046875 0.684375 0.05234375 0.03671875
12 0.1625 0.665625 0.08359375 0.02890625
12 0.328125 0.4734375 0.0671875 0.02265625
10 0.34765625 0.440625 0.05 0.0453125
10 0.384375 0.50625 0.07578125 0.04921875
10 0.86484375 0.47890625 0.06328125 0.0421875
10 0.53671875 0.2546875 0.04140625 0.03515625