10 0.57734375 0.334375 0.053125 0.05546875
10 0.4546875 0.38515625 0.025 0.0875
10 0.6625 0.40390625 0.04921875 0.06328125
10 0.6734375 0.6515625 0.06640625 0.0375
10 0.73359375 0.6140625 0.02890625 0.059375
10 0.39765625 0.48203125 0.02421875 0.05390625
10 0.42890625 0.48515625 0.040625 0.07890625
10 0.48125 0.54375 0.05 0.0296875
12 0.50859375 0.45546875 0.03125 0.0796875
12 0.4671875 0.478125 0.04921875 0.053125
12 0.38828125 0.41796875 0.05625 0.03671875
12 0.61015625 0.38984375 0.04453125 0.04921875
12 0.33125 0.6296875 0.02578125 0.07890625
12 0.2953125 0.72890625 0.040625 0.0609375
12 0.3640625 0.7859375 0.0609375 0.0578125
12 0.66171875 0.79375 0.0859375 0.06953125