12 0.6671875 0.496875 0.02890625 0.034375
12 0.60234375 0.5359375 0.0359375 0.03828125
12 0.64765625 0.5375 0.03515625 0.04921875
12 0.68984375 0.65 0.015625 0.034375
12 0.67109375 0.67890625 0.03359375 0.0375
12 0.81484375 0.6796875 0.0265625 0.0296875
12 0.37265625 0.83203125 0.01796875 0.02890625
12 0.3046875 0.2703125 0.00625 0.009375
12 0.28984375 0.2796875 0.009375 0.01328125
12 0.3 0.28125 0.0078125 0.01171875
12 0.31015625 0.30546875 0.0078125 0.0109375
12 0.30546875 0.3125 0.00703125 0.0078125
12 0.3375 0.31328125 0.0125 0.009375
12 0.303125 0.33671875 0.0109375 0.0078125
12 0.23671875 0.34765625 0.0109375 0.0109375
12 0.2921875 0.39921875 0.01171875 0.01328125
12 0.4046875 0.3140625 0.0109375 0.01015625
12 0.38984375 0.25625 0.009375 0.009375
12 0.40234375 0.275 0.0078125 0.0109375