10 0.45078125 0.3015625 0.02734375 0.05
10 0.52578125 0.16171875 0.0234375 0.034375
10 0.51796875 0.45546875 0.03359375 0.0515625
10 0.6734375 0.5671875 0.0296875 0.02890625
10 0.35234375 0.6875 0.03125 0.02890625
10 0.1203125 0.3828125 0.0171875 0.04609375
10 0.08125 0.31640625 0.021875 0.04296875
10 0.19140625 0.190625 0.03046875 0.0453125
10 0.23984375 0.1234375 0.0296875 0.025
10 0.9234375 0.40859375 0.03125 0.034375
10 0.89375 0.31484375 0.01640625 0.05625
11 0.2796875 0.49921875 0.20078125 0.221875
11 0.3953125 0.59140625 0.13203125 0.11796875