10 0.37578125 0.56484375 0.13125 0.09375
10 0.43828125 0.42890625 0.10859375 0.153125
10 0.2015625 0.6421875 0.10390625 0.16875
12 0.12265625 0.69296875 0.0640625 0.15625
12 0.171875 0.45078125 0.12109375 0.0625
12 0.0609375 0.33515625 0.09609375 0.11328125
12 0.4421875 0.0859375 0.1015625 0.0984375
12 0.6390625 0.0890625 0.0984375 0.08828125
12 0.53046875 0.42578125 0.115625 0.071875
12 0.8703125 0.19765625 0.1109375 0.0875
12 0.67109375 0.57578125 0.1078125 0.09296875
10 0.49296875 0.19765625 0.1125 0.1171875
10 0.315625 0.0828125 0.06875 0.15
10 0.61015625 0.17890625 0.10703125 0.090625
10 0.5484375 0.27734375 0.09609375 0.1375
10 0.6265625 0.25546875 0.084375 0.15703125
10 0.69765625 0.31328125 0.0953125 0.13125
10 0.70859375 0.42265625 0.1375 0.140625
10 0.79296875 0.2484375 0.12265625 0.07578125
10 0.93203125 0.259375 0.09765625 0.1625
10 0.8203125 0.5078125 0.153125 0.12109375
10 0.5765625 0.671875 0.08046875 0.171875
10 0.09375 0.49296875 0.0765625 0.146875
10 0.14375 0.57265625 0.06171875 0.1453125
10 0.2234375 0.715625 0.16171875 0.11484375
10 0.0921875 0.76953125 0.125 0.1234375
10 0.2609375 0.803125 0.10390625 0.1046875
10 0.3 0.85078125 0.0890625 0.1328125
10 0.546875 0.803125 0.121875 0.13828125
10 0.665625 0.73203125 0.12265625 0.11328125
10 0.7046875 0.803125 0.13046875 0.078125
10 0.66015625 0.8859375 0.13828125 0.075
10 0.85859375 0.8578125 0.1234375 0.103125
10 0.715625 0.92890625 0.1078125 0.11953125