10 0.4953125 0.3984375 0.02109375 0.01640625
10 0.3078125 0.47421875 0.03046875 0.01953125
10 0.271875 0.46640625 0.025 0.021875
10 0.0453125 0.42890625 0.040625 0.01953125
10 0.48515625 0.671875 0.03359375 0.03046875
10 0.6203125 0.61015625 0.02734375 0.02265625
12 0.08359375 0.6140625 0.04921875 0.02734375
12 0.28359375 0.67578125 0.03828125 0.02890625
12 0.32265625 0.89296875 0.025 0.02265625
12 0.68984375 0.91171875 0.02421875 0.015625
12 0.67578125 0.7375 0.025 0.0203125
12 0.62734375 0.34609375 0.0171875 0.021875
12 0.81953125 0.30859375 0.01640625 0.0171875
12 0.74453125 0.4265625 0.015625 0.01796875
10 0.78359375 0.39921875 0.01796875 0.01953125
12 0.71015625 0.31640625 0.02734375 0.01484375
12 0.625 0.221875 0.0359375 0.0140625
12 0.6 0.2578125 0.02734375 0.01484375
10 0.74609375 0.2953125 0.02734375 0.021875
10 0.1734375 0.6953125 0.034375 0.015625